"grid","sp","mean","sd","ncams","t","d"
"1",1,"PEMA",4.41666666666667,6.85829657306083,24,0,1
"2",2,"PEMA",29.6,44.2577676798096,25,0,1
"3",3,"PEMA",14.8333333333333,20.6685366147945,24,0,1
"4",4,"PEMA",11.68,15.1457364737847,25,0,1
"5",5,"PEMA",35.9583333333333,41.3589579873224,24,0,1
"6",6,"PEMA",13.88,15.0286393262996,25,0,1
"7",7,"PEMA",16.2,16.5227116418583,25,0,1
"8",8,"PEMA",115.6,64.3486596597008,25,0,1
"9",1,"GLOR",8.484375,15.0859886507789,64,0,1
"10",2,"GLOR",5.85483870967742,12.2110495167872,62,0,1
"11",3,"GLOR",9.38095238095238,13.48766290694,63,0,1
"12",4,"GLOR",3.5,7.50872508359125,64,0,1
"13",5,"GLOR",5.52380952380952,11.788262536971,63,0,1
"14",6,"GLOR",2.046875,6.35317615230541,64,0,1
"15",7,"GLOR",2,5.11456060270383,64,0,1
"16",8,"GLOR",5.87096774193548,12.9810503388817,62,0,1
"17",1,"TATO",10.328125,18.3874134724368,64,0,1
"18",2,"TATO",25.5483870967742,21.5898256390919,62,0,1
"19",3,"TATO",17.6190476190476,17.6456414900244,63,0,1
"20",4,"TATO",13.484375,18.2765286095547,64,0,1
"21",5,"TATO",32.1269841269841,31.432206651003,63,0,1
"22",6,"TATO",13.125,18.9958224312945,64,0,1
"23",7,"TATO",23.015625,15.3037936862229,64,0,1
"24",8,"TATO",55.0483870967742,30.8525990186946,62,0,1
"25",1,"PEMA",14.3333333333333,18.8279779483403,24,0,2
"26",2,"PEMA",55.16,63.2907839525893,25,0,2
"27",3,"PEMA",31.2083333333333,39.3014870463952,24,0,2
"28",4,"PEMA",16.28,19.0405707197377,25,0,2
"29",5,"PEMA",85.4166666666667,68.192130533271,24,0,2
"30",6,"PEMA",26.04,23.5610554375931,25,0,2
"31",7,"PEMA",39.04,36.8549860941501,25,0,2
"32",8,"PEMA",135.72,67.9255229399573,25,0,2
"33",1,"GLOR",14.359375,21.1385206098116,64,0,2
"34",2,"GLOR",6.88709677419355,13.2071823960654,62,0,2
"35",3,"GLOR",13.9206349206349,18.285638280692,63,0,2
"36",4,"GLOR",5.375,9.0193794880361,64,0,2
"37",5,"GLOR",6.80952380952381,13.3075980514373,63,0,2
"38",6,"GLOR",3.109375,8.03586640067664,64,0,2
"39",7,"GLOR",3.078125,7.48183978626257,64,0,2
"40",8,"GLOR",6.40322580645161,13.5531251945202,62,0,2
"41",1,"TATO",22.640625,24.092656582255,64,0,2
"42",2,"TATO",36.1129032258064,21.374187618507,62,0,2
"43",3,"TATO",30.7936507936508,20.9493696341832,63,0,2
"44",4,"TATO",18.125,21.4657349694292,64,0,2
"45",5,"TATO",51.968253968254,33.2444359904264,63,0,2
"46",6,"TATO",18.265625,23.7655494210783,64,0,2
"47",7,"TATO",78.609375,35.3731209888534,64,0,2
"48",8,"TATO",60.1451612903226,31.7793864388942,62,0,2
"49",1,"PEMA",19.125,21.1728137827323,24,0,3
"50",2,"PEMA",69.16,73.3073893501421,25,0,3
"51",3,"PEMA",45.7916666666667,51.4730652795747,24,0,3
"52",4,"PEMA",22.12,20.2429411565283,25,0,3
"53",5,"PEMA",103.708333333333,81.4090472307255,24,0,3
"54",6,"PEMA",31.56,25.7375860043892,25,0,3
"55",7,"PEMA",63.92,52.2054594846171,25,0,3
"56",8,"PEMA",148.2,69.9601076804965,25,0,3
"57",1,"GLOR",15.34375,21.4040633658992,64,0,3
"58",2,"GLOR",7.29032258064516,13.6085641992962,62,0,3
"59",3,"GLOR",16.2063492063492,20.9416691651949,63,0,3
"60",4,"GLOR",7.5,10.0617143289847,64,0,3
"61",5,"GLOR",7.26984126984127,13.4418776880632,63,0,3
"62",6,"GLOR",3.828125,9.16957475516047,64,0,3
"63",7,"GLOR",3.609375,8.06839254953137,64,0,3
"64",8,"GLOR",6.93548387096774,14.0115537427732,62,0,3
"65",1,"TATO",27.625,24.6714924494352,64,0,3
"66",2,"TATO",39.4354838709677,21.8486755180532,62,0,3
"67",3,"TATO",35.4126984126984,22.3546451264644,63,0,3
"68",4,"TATO",20.421875,22.5570210007565,64,0,3
"69",5,"TATO",56.2539682539683,34.1155381560426,63,0,3
"70",6,"TATO",19.203125,24.4638896098161,64,0,3
"71",7,"TATO",96,39.922941648146,64,0,3
"72",8,"TATO",62.0322580645161,32.326696951609,62,0,3
"73",1,"PEMA",22.7083333333333,24.6373332243122,24,0,4
"74",2,"PEMA",75.88,78.1991687935364,25,0,4
"75",3,"PEMA",71.5,59.1865143276817,24,0,4
"76",4,"PEMA",36.44,31.2317680148488,25,0,4
"77",5,"PEMA",116.041666666667,88.724036822864,24,0,4
"78",6,"PEMA",37.64,30.5107631282252,25,0,4
"79",7,"PEMA",81.6,60.7007688034784,25,0,4
"80",8,"PEMA",150.04,70.5652652986345,25,0,4
"81",1,"GLOR",15.6875,21.6060507398143,64,0,4
"82",2,"GLOR",7.45161290322581,13.7228747876625,62,0,4
"83",3,"GLOR",16.968253968254,21.3556430964626,63,0,4
"84",4,"GLOR",8.453125,10.6158457296419,64,0,4
"85",5,"GLOR",7.74603174603175,13.5824462782741,63,0,4
"86",6,"GLOR",4.09375,9.36511383501862,64,0,4
"87",7,"GLOR",3.90625,8.37744278518496,64,0,4
"88",8,"GLOR",6.98387096774194,14.0892843079749,62,0,4
"89",1,"TATO",28.8125,25.171711887853,64,0,4
"90",2,"TATO",40.6774193548387,22.0132405711701,62,0,4
"91",3,"TATO",37.1587301587302,23.3343208042093,63,0,4
"92",4,"TATO",21.71875,23.1835113477812,64,0,4
"93",5,"TATO",60.1746031746032,35.0076211437801,63,0,4
"94",6,"TATO",19.515625,24.8659850458732,64,0,4
"95",7,"TATO",102.703125,41.6053566787389,64,0,4
"96",8,"TATO",63.241935483871,32.3898817857387,62,0,4
"97",1,"PEMA",23.5833333333333,25.6632314659585,24,0,5
"98",2,"PEMA",78.76,80.0574168956256,25,0,5
"99",3,"PEMA",91.5416666666667,63.9829998934273,24,0,5
"100",4,"PEMA",51.4,40.4165807559224,25,0,5
"101",5,"PEMA",124.75,95.0149873761343,24,0,5
"102",6,"PEMA",41.64,34.0769716964404,25,0,5
"103",7,"PEMA",87.12,60.9346097605184,25,0,5
"104",8,"PEMA",156.56,72.1058712357508,25,0,5
"105",1,"GLOR",15.84375,21.6033644866455,64,0,5
"106",2,"GLOR",7.64516129032258,14.0316933698687,62,0,5
"107",3,"GLOR",17.3968253968254,21.5680017488122,63,0,5
"108",4,"GLOR",8.75,10.8100482356529,64,0,5
"109",5,"GLOR",8.03174603174603,13.8144013844929,63,0,5
"110",6,"GLOR",4.1875,9.36029269654958,64,0,5
"111",7,"GLOR",3.96875,8.35894872633657,64,0,5
"112",8,"GLOR",7.46774193548387,14.5970104079686,62,0,5
"113",1,"TATO",29.578125,25.4762913048739,64,0,5
"114",2,"TATO",41.2903225806452,22.1547368259851,62,0,5
"115",3,"TATO",38.1428571428571,23.698276201675,63,0,5
"116",4,"TATO",23.171875,23.2676317766133,64,0,5
"117",5,"TATO",63.4920634920635,35.9142675466904,63,0,5
"118",6,"TATO",19.765625,24.9244841614483,64,0,5
"119",7,"TATO",105.78125,42.5069438771806,64,0,5
"120",8,"TATO",65.2096774193548,32.5471345956298,62,0,5
"121",1,"PEMA",24.0416666666667,26.0375634448565,24,0,6
"122",2,"PEMA",80.16,81.1647912172103,25,0,6
"123",3,"PEMA",98.2916666666667,66.8674738417043,24,0,6
"124",4,"PEMA",63.36,49.8153925341689,25,0,6
"125",5,"PEMA",130.208333333333,97.3474186999133,24,0,6
"126",6,"PEMA",45.6,37.032643257897,25,0,6
"127",7,"PEMA",89.68,62.3563148365905,25,0,6
"128",8,"PEMA",164.24,74.6342638024475,25,0,6
"129",1,"GLOR",15.921875,21.6159146893474,64,0,6
"130",2,"GLOR",7.75806451612903,14.1174063979757,62,0,6
"131",3,"GLOR",17.6984126984127,21.6888814392305,63,0,6
"132",4,"GLOR",9.046875,10.8209521740178,64,0,6
"133",5,"GLOR",8.26984126984127,13.8065042516858,63,0,6
"134",6,"GLOR",4.390625,9.53126382382552,64,0,6
"135",7,"GLOR",3.984375,8.35424459647776,64,0,6
"136",8,"GLOR",7.85483870967742,14.9016962112895,62,0,6
"137",1,"TATO",29.84375,25.6510272389372,64,0,6
"138",2,"TATO",41.8064516129032,22.2819773599964,62,0,6
"139",3,"TATO",38.6507936507937,23.8294739766769,63,0,6
"140",4,"TATO",23.53125,23.3727345901634,64,0,6
"141",5,"TATO",66.1269841269841,36.6467408503315,63,0,6
"142",6,"TATO",19.921875,25.1908932193854,64,0,6
"143",7,"TATO",106.28125,42.6713050864135,64,0,6
"144",8,"TATO",66.8225806451613,32.8171907137989,62,0,6
"145",1,"PEMA",25.0416666666667,27.2611830530019,24,0,7
"146",2,"PEMA",80.8,81.5935046434457,25,0,7
"147",3,"PEMA",103.291666666667,69.6547255905976,24,0,7
"148",4,"PEMA",67.12,52.921577199979,25,0,7
"149",5,"PEMA",134.791666666667,100.035202137381,24,0,7
"150",6,"PEMA",48,37.5266571919216,25,0,7
"151",7,"PEMA",90.6,62.8165317943188,25,0,7
"152",8,"PEMA",170.28,76.292485431616,25,0,7
"153",1,"GLOR",16.125,21.8017765403983,64,0,7
"154",2,"GLOR",7.82258064516129,14.1659071145704,62,0,7
"155",3,"GLOR",17.8412698412698,21.810922352009,63,0,7
"156",4,"GLOR",9.09375,10.8506729364866,64,0,7
"157",5,"GLOR",8.3968253968254,13.9162699889197,63,0,7
"158",6,"GLOR",4.515625,9.61644125757119,64,0,7
"159",7,"GLOR",4.015625,8.34283684290311,64,0,7
"160",8,"GLOR",8.33870967741935,15.226103070097,62,0,7
"161",1,"TATO",30.015625,25.7500144475225,64,0,7
"162",2,"TATO",42.3709677419355,22.4442726061375,62,0,7
"163",3,"TATO",39,24.1092941521756,63,0,7
"164",4,"TATO",23.625,23.4551243258879,64,0,7
"165",5,"TATO",68.3492063492064,37.1288770019304,63,0,7
"166",6,"TATO",20.15625,25.5499627247888,64,0,7
"167",7,"TATO",106.46875,42.6882269744507,64,0,7
"168",8,"TATO",68.741935483871,33.3117098910371,62,0,7
"169",1,"PEMA",26.625,29.045410473347,24,0,8
"170",2,"PEMA",80.96,81.694797875997,25,0,8
"171",3,"PEMA",107.333333333333,72.3461886659743,24,0,8
"172",4,"PEMA",69.04,53.4840163039389,25,0,8
"173",5,"PEMA",137.833333333333,101.801027869871,24,0,8
"174",6,"PEMA",50.68,39.2287309676637,25,0,8
"175",7,"PEMA",91.4,63.9029211643203,25,0,8
"176",8,"PEMA",172.68,76.5493958173414,25,0,8
"177",1,"GLOR",16.25,21.8864312535386,64,0,8
"178",2,"GLOR",7.93548387096774,14.3753785042022,62,0,8
"179",3,"GLOR",18.1587301587302,21.9237728896359,63,0,8
"180",4,"GLOR",9.171875,10.9305958935138,64,0,8
"181",5,"GLOR",8.57142857142857,14.0984033478449,63,0,8
"182",6,"GLOR",4.84375,9.58705931707979,64,0,8
"183",7,"GLOR",4.078125,8.35958662208027,64,0,8
"184",8,"GLOR",8.80645161290323,15.4228260786316,62,0,8
"185",1,"TATO",30.203125,25.875881819189,64,0,8
"186",2,"TATO",42.6612903225806,22.5388142795367,62,0,8
"187",3,"TATO",39.1904761904762,24.2419638449509,63,0,8
"188",4,"TATO",23.71875,23.5745819199071,64,0,8
"189",5,"TATO",69.8730158730159,37.6021156163097,63,0,8
"190",6,"TATO",20.78125,25.9348810592136,64,0,8
"191",7,"TATO",106.78125,42.7812704717217,64,0,8
"192",8,"TATO",70.0483870967742,33.4264190298508,62,0,8
"193",1,"PEMA",27.375,29.4527071170332,24,0,9
"194",2,"PEMA",80.96,81.694797875997,25,0,9
"195",3,"PEMA",107.333333333333,72.3461886659743,24,0,9
"196",4,"PEMA",69.04,53.4840163039389,25,0,9
"197",5,"PEMA",140.666666666667,104.792410390077,24,0,9
"198",6,"PEMA",50.68,39.2287309676637,25,0,9
"199",7,"PEMA",91.4,63.9029211643203,25,0,9
"200",8,"PEMA",172.68,76.5493958173414,25,0,9
"201",1,"GLOR",16.375,22.075987097958,64,0,9
"202",2,"GLOR",7.93548387096774,14.3753785042022,62,0,9
"203",3,"GLOR",18.1587301587302,21.9237728896359,63,0,9
"204",4,"GLOR",9.171875,10.9305958935138,64,0,9
"205",5,"GLOR",8.79365079365079,14.2457223122827,63,0,9
"206",6,"GLOR",4.84375,9.58705931707979,64,0,9
"207",7,"GLOR",4.078125,8.35958662208027,64,0,9
"208",8,"GLOR",8.80645161290323,15.4228260786316,62,0,9
"209",1,"TATO",30.34375,25.9322797864097,64,0,9
"210",2,"TATO",42.7258064516129,22.5171478224993,62,0,9
"211",3,"TATO",39.2539682539683,24.2845817632985,63,0,9
"212",4,"TATO",23.71875,23.5745819199071,64,0,9
"213",5,"TATO",71.1111111111111,37.9125101112953,63,0,9
"214",6,"TATO",20.8125,25.9589878003563,64,0,9
"215",7,"TATO",107.203125,42.9256203096502,64,0,9
"216",8,"TATO",70.1290322580645,33.4862261240608,62,0,9
"217",1,"PEMA",2.16666666666667,2.21980544910676,24,15,1
"218",2,"PEMA",5.52,5.56117493580868,25,15,1
"219",3,"PEMA",3.625,3.22776676060548,24,15,1
"220",4,"PEMA",3.68,3.49666507785156,25,15,1
"221",5,"PEMA",7.66666666666667,4.07181902163241,24,15,1
"222",6,"PEMA",4.76,2.91947483861967,25,15,1
"223",7,"PEMA",5.28,4.05709255502016,25,15,1
"224",8,"PEMA",9.48,3.68691379521319,25,15,1
"225",1,"GLOR",1.515625,1.72739079777969,64,15,1
"226",2,"GLOR",1.37096774193548,2.11345316816444,62,15,1
"227",3,"GLOR",1.17460317460317,1.39745947531621,63,15,1
"228",4,"GLOR",0.84375,1.65441928621591,64,15,1
"229",5,"GLOR",1.01587301587302,1.57082332523388,63,15,1
"230",6,"GLOR",0.421875,0.972718127494063,64,15,1
"231",7,"GLOR",0.5,0.942809041582063,64,15,1
"232",8,"GLOR",1.30645161290323,1.52130993681426,62,15,1
"233",1,"TATO",1.53125,2.26055724272115,64,15,1
"234",2,"TATO",5.75806451612903,3.71388835108085,62,15,1
"235",3,"TATO",2.31746031746032,2.10854939300808,63,15,1
"236",4,"TATO",2.265625,2.32476103909389,64,15,1
"237",5,"TATO",3.85714285714286,2.5894148227783,63,15,1
"238",6,"TATO",2.5,2.04706526287664,64,15,1
"239",7,"TATO",4.421875,2.2096806312369,64,15,1
"240",8,"TATO",8.83870967741935,3.05787641081834,62,15,1
"241",1,"PEMA",5.5,6.0648667500327,24,15,2
"242",2,"PEMA",12.88,11.0087843712798,25,15,2
"243",3,"PEMA",8.16666666666667,5.84336611348561,24,15,2
"244",4,"PEMA",6.92,5.29087264383989,25,15,2
"245",5,"PEMA",17.625,6.39845429703959,24,15,2
"246",6,"PEMA",9.24,4.99399639567351,25,15,2
"247",7,"PEMA",13.88,6.66658333281249,25,15,2
"248",8,"PEMA",19.28,5.89858740151685,25,15,2
"249",1,"GLOR",3.109375,2.72039438959145,64,15,2
"250",2,"GLOR",2.24193548387097,2.92913842796746,62,15,2
"251",3,"GLOR",2.6984126984127,2.37347520244268,63,15,2
"252",4,"GLOR",1.953125,2.55994597847267,64,15,2
"253",5,"GLOR",1.96825396825397,2.52706800633726,63,15,2
"254",6,"GLOR",0.875,2.08927723509336,64,15,2
"255",7,"GLOR",1.0625,1.67023427688529,64,15,2
"256",8,"GLOR",1.7741935483871,2.05194314015996,62,15,2
"257",1,"TATO",4,3.39467369916602,64,15,2
"258",2,"TATO",11.3870967741935,4.36962255454287,62,15,2
"259",3,"TATO",5.65079365079365,2.96842920424325,63,15,2
"260",4,"TATO",3.5,3.12186350534929,64,15,2
"261",5,"TATO",9.61904761904762,3.08183319674095,63,15,2
"262",6,"TATO",3.8125,3.01253992926182,64,15,2
"263",7,"TATO",13.328125,4.21657608598361,64,15,2
"264",8,"TATO",12.1451612903226,3.15629360450216,62,15,2
"265",1,"PEMA",8.375,7.99354359032556,24,15,3
"266",2,"PEMA",19.04,14.78309845736,25,15,3
"267",3,"PEMA",12.875,7.85915417508946,24,15,3
"268",4,"PEMA",10.8,6.60807586719967,25,15,3
"269",5,"PEMA",25.4583333333333,8.76742571244196,24,15,3
"270",6,"PEMA",11.24,6.13242746933599,25,15,3
"271",7,"PEMA",20.8,8.27647267862342,25,15,3
"272",8,"PEMA",26.56,8.06783738061198,25,15,3
"273",1,"GLOR",3.890625,3.06084949044781,64,15,3
"274",2,"GLOR",2.62903225806452,3.42236554642671,62,15,3
"275",3,"GLOR",3.6984126984127,3.09335875830433,63,15,3
"276",4,"GLOR",2.9375,3.11104024862608,64,15,3
"277",5,"GLOR",2.3968253968254,2.7855600151593,63,15,3
"278",6,"GLOR",1.203125,2.54595656704309,64,15,3
"279",7,"GLOR",1.484375,2.28863435747658,64,15,3
"280",8,"GLOR",2.24193548387097,2.5134750542284,62,15,3
"281",1,"TATO",6.15625,3.67409960895291,64,15,3
"282",2,"TATO",14.2903225806452,5.08416731346295,62,15,3
"283",3,"TATO",7.93650793650794,3.81369779015242,63,15,3
"284",4,"TATO",4.390625,4.00641227106176,64,15,3
"285",5,"TATO",12.8571428571429,4.36206943658457,63,15,3
"286",6,"TATO",4.421875,3.67663013192572,64,15,3
"287",7,"TATO",22.109375,5.53521823174262,64,15,3
"288",8,"TATO",13.8709677419355,4.00198258640554,62,15,3
"289",1,"PEMA",10.8333333333333,10.7487781577283,24,15,4
"290",2,"PEMA",22.88,17.0350618822866,25,15,4
"291",3,"PEMA",21.875,10.3726752240851,24,15,4
"292",4,"PEMA",16.92,9.15569039814402,25,15,4
"293",5,"PEMA",30.875,11.0347770411471,24,15,4
"294",6,"PEMA",13.48,7.16542624924249,25,15,4
"295",7,"PEMA",27.08,10.4758452324065,25,15,4
"296",8,"PEMA",28.12,8.85211839053229,25,15,4
"297",1,"GLOR",4.21875,3.23899234771733,64,15,4
"298",2,"GLOR",2.79032258064516,3.67149898709895,62,15,4
"299",3,"GLOR",4.3968253968254,3.42448339659256,63,15,4
"300",4,"GLOR",3.5,3.36650164612069,64,15,4
"301",5,"GLOR",2.84126984126984,3.1836596369706,63,15,4
"302",6,"GLOR",1.375,2.63974505743528,64,15,4
"303",7,"GLOR",1.78125,2.72826911813193,64,15,4
"304",8,"GLOR",2.29032258064516,2.6013054526853,62,15,4
"305",1,"TATO",7.234375,4.05416574903332,64,15,4
"306",2,"TATO",15.5161290322581,5.37676219068771,62,15,4
"307",3,"TATO",9.49206349206349,4.91499685253407,63,15,4
"308",4,"TATO",5.234375,4.74673551147239,64,15,4
"309",5,"TATO",15.9206349206349,5.55994194475837,63,15,4
"310",6,"TATO",4.671875,4.09434254466036,64,15,4
"311",7,"TATO",26.953125,7.24936710428562,64,15,4
"312",8,"TATO",14.9677419354839,4.49030920814702,62,15,4
"313",1,"PEMA",11.5,11.6020987606628,24,15,5
"314",2,"PEMA",25.12,18.9171879517015,25,15,5
"315",3,"PEMA",28.5,12.6525474321079,24,15,5
"316",4,"PEMA",23.64,11.750460983865,25,15,5
"317",5,"PEMA",35.0416666666667,13.043336351885,24,15,5
"318",6,"PEMA",15.16,8.1428905596641,25,15,5
"319",7,"PEMA",31.08,11.7293080216467,25,15,5
"320",8,"PEMA",33.24,10.4971424683101,25,15,5
"321",1,"GLOR",4.375,3.33095153000432,64,15,5
"322",2,"GLOR",2.98387096774194,3.94840468088839,62,15,5
"323",3,"GLOR",4.82539682539683,3.69192528905851,63,15,5
"324",4,"GLOR",3.78125,3.56557059259716,64,15,5
"325",5,"GLOR",3.11111111111111,3.49705457220839,63,15,5
"326",6,"GLOR",1.46875,2.66648064827387,64,15,5
"327",7,"GLOR",1.84375,2.72098692412695,64,15,5
"328",8,"GLOR",2.7258064516129,3.05238071470429,62,15,5
"329",1,"TATO",7.984375,4.43110286712548,64,15,5
"330",2,"TATO",16.1129032258065,5.4835217794074,62,15,5
"331",3,"TATO",10.4126984126984,5.26594328968312,63,15,5
"332",4,"TATO",5.875,5.01268232855266,64,15,5
"333",5,"TATO",18.5714285714286,6.31361632917884,63,15,5
"334",6,"TATO",4.90625,4.29365996243483,64,15,5
"335",7,"TATO",29.546875,8.10433880953175,64,15,5
"336",8,"TATO",16.8387096774194,5.05767894795237,62,15,5
"337",1,"PEMA",11.9166666666667,12.0178008067984,24,15,6
"338",2,"PEMA",26.2,19.7294196569489,25,15,6
"339",3,"PEMA",32.5,14.2523834772507,24,15,6
"340",4,"PEMA",28.56,13.750999963639,25,15,6
"341",5,"PEMA",38.1666666666667,13.7419278018095,24,15,6
"342",6,"PEMA",17.76,9.43080060228186,25,15,6
"343",7,"PEMA",33.08,12.6981625967434,25,15,6
"344",8,"PEMA",38.52,12.6165235570924,25,15,6
"345",1,"GLOR",4.453125,3.32823270468096,64,15,6
"346",2,"GLOR",3.09677419354839,4.11598115872695,62,15,6
"347",3,"GLOR",5.11111111111111,3.8231515082713,63,15,6
"348",4,"GLOR",4.046875,3.69654359149321,64,15,6
"349",5,"GLOR",3.34920634920635,3.67273621370265,63,15,6
"350",6,"GLOR",1.65625,2.85756445302194,64,15,6
"351",7,"GLOR",1.859375,2.71893529290127,64,15,6
"352",8,"GLOR",3.09677419354839,3.38613216855599,62,15,6
"353",1,"TATO",8.21875,4.50913974831578,64,15,6
"354",2,"TATO",16.6129032258065,5.70979841942614,62,15,6
"355",3,"TATO",10.9206349206349,5.43377011428436,63,15,6
"356",4,"TATO",6.1875,5.17280741067522,64,15,6
"357",5,"TATO",20.7777777777778,6.87079946619456,63,15,6
"358",6,"TATO",5.03125,4.49327098303498,64,15,6
"359",7,"TATO",30.015625,8.31424898058214,64,15,6
"360",8,"TATO",18.4032258064516,5.70435461333996,62,15,6
"361",1,"PEMA",12.6666666666667,12.7643071191461,24,15,7
"362",2,"PEMA",26.8,20.2072594216369,25,15,7
"363",3,"PEMA",35.4166666666667,15.7201523022456,24,15,7
"364",4,"PEMA",31.32,15.7234432191765,25,15,7
"365",5,"PEMA",40.375,14.5267743808818,24,15,7
"366",6,"PEMA",19.92,9.98715842135957,25,15,7
"367",7,"PEMA",33.8,13.003204733193,25,15,7
"368",8,"PEMA",43.04,14.3366662791599,25,15,7
"369",1,"GLOR",4.65625,3.442123514012,64,15,7
"370",2,"GLOR",3.16129032258065,4.15752743506852,62,15,7
"371",3,"GLOR",5.25396825396825,3.95118705710907,63,15,7
"372",4,"GLOR",4.09375,3.74894164959439,64,15,7
"373",5,"GLOR",3.47619047619048,3.84731637872067,63,15,7
"374",6,"GLOR",1.78125,2.98391853797483,64,15,7
"375",7,"GLOR",1.890625,2.70869960893204,64,15,7
"376",8,"GLOR",3.58064516129032,3.75717188328535,62,15,7
"377",1,"TATO",8.390625,4.64832172308134,64,15,7
"378",2,"TATO",17.1774193548387,5.90227573100962,62,15,7
"379",3,"TATO",11.2698412698413,5.74794872024163,63,15,7
"380",4,"TATO",6.25,5.22205335762105,64,15,7
"381",5,"TATO",22.8253968253968,7.61691598445088,63,15,7
"382",6,"TATO",5.234375,4.75007832015632,64,15,7
"383",7,"TATO",30.203125,8.38589081031584,64,15,7
"384",8,"TATO",20.241935483871,6.38308595872131,62,15,7
"385",1,"PEMA",13.7083333333333,13.8798545496284,24,15,8
"386",2,"PEMA",26.96,20.3643479312908,25,15,8
"387",3,"PEMA",37.875,16.5800102270908,24,15,8
"388",4,"PEMA",32.72,15.9935403627006,25,15,8
"389",5,"PEMA",42.25,15.3601687037837,24,15,8
"390",6,"PEMA",22.12,11.1142551107425,25,15,8
"391",7,"PEMA",34.52,13.4074606096755,25,15,8
"392",8,"PEMA",45.2,15.3432938662683,25,15,8
"393",1,"GLOR",4.78125,3.52077169571293,64,15,8
"394",2,"GLOR",3.2741935483871,4.36141560279292,62,15,8
"395",3,"GLOR",5.57142857142857,4.24155436251125,63,15,8
"396",4,"GLOR",4.171875,3.79872446219551,64,15,8
"397",5,"GLOR",3.65079365079365,4.1315416561779,63,15,8
"398",6,"GLOR",2.078125,3.04622945440571,64,15,8
"399",7,"GLOR",1.953125,2.73965405938037,64,15,8
"400",8,"GLOR",3.98387096774194,4.16264392449007,62,15,8
"401",1,"TATO",8.578125,4.776944256381,64,15,8
"402",2,"TATO",17.4516129032258,6.03182113530859,62,15,8
"403",3,"TATO",11.4603174603175,5.83876201202595,63,15,8
"404",4,"TATO",6.34375,5.33695933286314,64,15,8
"405",5,"TATO",24.2539682539683,8.28906830432797,63,15,8
"406",6,"TATO",5.84375,5.23182796061986,64,15,8
"407",7,"TATO",30.515625,8.46466453174139,64,15,8
"408",8,"TATO",21.4677419354839,6.79854792098653,62,15,8
"409",1,"PEMA",14.2916666666667,14.1865802070483,24,15,9
"410",2,"PEMA",26.96,20.3643479312908,25,15,9
"411",3,"PEMA",37.875,16.5800102270908,24,15,9
"412",4,"PEMA",32.72,15.9935403627006,25,15,9
"413",5,"PEMA",43.5833333333333,15.802907455844,24,15,9
"414",6,"PEMA",22.12,11.1142551107425,25,15,9
"415",7,"PEMA",34.52,13.4074606096755,25,15,9
"416",8,"PEMA",45.2,15.3432938662683,25,15,9
"417",1,"GLOR",4.90625,3.68057427368705,64,15,9
"418",2,"GLOR",3.2741935483871,4.36141560279292,62,15,9
"419",3,"GLOR",5.57142857142857,4.24155436251125,63,15,9
"420",4,"GLOR",4.171875,3.79872446219551,64,15,9
"421",5,"GLOR",3.87301587301587,4.36441646504881,63,15,9
"422",6,"GLOR",2.078125,3.04622945440571,64,15,9
"423",7,"GLOR",1.953125,2.73965405938037,64,15,9
"424",8,"GLOR",3.98387096774194,4.16264392449007,62,15,9
"425",1,"TATO",8.71875,4.85166883414259,64,15,9
"426",2,"TATO",17.5161290322581,6.00748695579619,62,15,9
"427",3,"TATO",11.5238095238095,5.89657402679354,63,15,9
"428",4,"TATO",6.34375,5.33695933286314,64,15,9
"429",5,"TATO",25.4126984126984,8.63532676900985,63,15,9
"430",6,"TATO",5.875,5.26895670526004,64,15,9
"431",7,"TATO",30.90625,8.61102790538398,64,15,9
"432",8,"TATO",21.5322580645161,6.76470527373571,62,15,9
"433",1,"PEMA",1.75,1.84744241541134,24,60,1
"434",2,"PEMA",1.72,1.51437555888007,25,60,1
"435",3,"PEMA",2.04166666666667,1.51741102931409,24,60,1
"436",4,"PEMA",1.92,1.552417469626,25,60,1
"437",5,"PEMA",3.04166666666667,1.68055805086252,24,60,1
"438",6,"PEMA",2.84,1.57268348161139,25,60,1
"439",7,"PEMA",2.72,1.72046505340853,25,60,1
"440",8,"PEMA",2.04,1.05987420637231,25,60,1
"441",1,"GLOR",1.109375,1.0707835359924,64,60,1
"442",2,"GLOR",0.903225806451613,1.18335002955079,62,60,1
"443",3,"GLOR",0.793650793650794,0.88278755999848,63,60,1
"444",4,"GLOR",0.625,1.07644329099593,64,60,1
"445",5,"GLOR",0.714285714285714,0.957627637051187,63,60,1
"446",6,"GLOR",0.359375,0.784111821876414,64,60,1
"447",7,"GLOR",0.40625,0.75,64,60,1
"448",8,"GLOR",1.03225806451613,1.13032335335099,62,60,1
"449",1,"TATO",0.96875,1.35656838300831,64,60,1
"450",2,"TATO",2.88709677419355,1.68021113729527,62,60,1
"451",3,"TATO",1.34920634920635,1.13817525379272,63,60,1
"452",4,"TATO",1.328125,1.33398421613184,64,60,1
"453",5,"TATO",1.28571428571429,0.749807963125773,63,60,1
"454",6,"TATO",1.578125,1.16570964148624,64,60,1
"455",7,"TATO",1.625,0.786795792469443,64,60,1
"456",8,"TATO",3.54838709677419,1.32661802666903,62,60,1
"457",1,"PEMA",3.625,3.41113904219945,24,60,2
"458",2,"PEMA",4.04,2.97881408169985,25,60,2
"459",3,"PEMA",4.58333333333333,2.53525861242676,24,60,2
"460",4,"PEMA",4.04,2.54099717958652,25,60,2
"461",5,"PEMA",5.95833333333333,2.33087344454665,24,60,2
"462",6,"PEMA",4.92,2.05993527406405,25,60,2
"463",7,"PEMA",5.92,2.41384893203089,25,60,2
"464",8,"PEMA",5.44,2.04287379280594,25,60,2
"465",1,"GLOR",2.359375,1.79388013879996,64,60,2
"466",2,"GLOR",1.62903225806452,1.82185161591656,62,60,2
"467",3,"GLOR",1.95238095238095,1.52853051325576,63,60,2
"468",4,"GLOR",1.546875,1.85103735394894,64,60,2
"469",5,"GLOR",1.50793650793651,1.77684947601643,63,60,2
"470",6,"GLOR",0.671875,1.39220833484757,64,60,2
"471",7,"GLOR",0.90625,1.41105330465274,64,60,2
"472",8,"GLOR",1.45161290322581,1.58556417383182,62,60,2
"473",1,"TATO",2.71875,2.33312073861435,64,60,2
"474",2,"TATO",6.35483870967742,1.97605978367076,62,60,2
"475",3,"TATO",3.55555555555556,1.64393094762933,63,60,2
"476",4,"TATO",2.171875,1.79553845220127,64,60,2
"477",5,"TATO",4.26984126984127,1.59845035042865,63,60,2
"478",6,"TATO",2.640625,1.91375296128455,64,60,2
"479",7,"TATO",4.421875,1.23191279195572,64,60,2
"480",8,"TATO",5.88709677419355,1.56922073915244,62,60,2
"481",1,"PEMA",5.25,4.67416581722948,24,60,3
"482",2,"PEMA",6.36,4.45234020862437,25,60,3
"483",3,"PEMA",6.91666666666667,3.87765804114519,24,60,3
"484",4,"PEMA",6.24,3.35757849250518,25,60,3
"485",5,"PEMA",9.04166666666667,3.02854774591311,24,60,3
"486",6,"PEMA",6.28,2.77668867538296,25,60,3
"487",7,"PEMA",8.24,2.86181760425084,25,60,3
"488",8,"PEMA",8.28,2.74651294068194,25,60,3
"489",1,"GLOR",3.015625,2.11188764957903,64,60,3
"490",2,"GLOR",2,2.31176605543943,62,60,3
"491",3,"GLOR",2.79365079365079,2.08805149299015,63,60,3
"492",4,"GLOR",2.375,2.34012616672488,64,60,3
"493",5,"GLOR",1.93650793650794,2.10125166901752,63,60,3
"494",6,"GLOR",0.96875,1.71796067734069,64,60,3
"495",7,"GLOR",1.28125,1.82111730922757,64,60,3
"496",8,"GLOR",1.88709677419355,1.96781345502055,62,60,3
"497",1,"TATO",4.375,2.53546276418555,64,60,3
"498",2,"TATO",8.69354838709677,2.64009879147881,62,60,3
"499",3,"TATO",5.34920634920635,2.21547875958055,63,60,3
"500",4,"TATO",2.890625,2.63141694885667,64,60,3
"501",5,"TATO",6.41269841269841,2.19702820275642,63,60,3
"502",6,"TATO",3.171875,2.34726918333787,64,60,3
"503",7,"TATO",7.65625,1.64479699138135,64,60,3
"504",8,"TATO",7.24193548387097,2.18553728901409,62,60,3
"505",1,"PEMA",6.79166666666667,6.10045733614661,24,60,4
"506",2,"PEMA",8.64,5.7,25,60,4
"507",3,"PEMA",9.875,4.75771684374106,24,60,4
"508",4,"PEMA",9.4,3.98956973452861,25,60,4
"509",5,"PEMA",11.8333333333333,4.07181902163241,24,60,4
"510",6,"PEMA",7.68,3.5557465226494,25,60,4
"511",7,"PEMA",10.56,3.44093010681705,25,60,4
"512",8,"PEMA",9.64,3.43850742813409,25,60,4
"513",1,"GLOR",3.328125,2.31663883162449,64,60,4
"514",2,"GLOR",2.14516129032258,2.50799883777491,62,60,4
"515",3,"GLOR",3.44444444444444,2.394737360357,63,60,4
"516",4,"GLOR",2.890625,2.6010815058356,64,60,4
"517",5,"GLOR",2.34920634920635,2.4897125767441,63,60,4
"518",6,"GLOR",1.09375,1.80579973928802,64,60,4
"519",7,"GLOR",1.546875,2.13756787695068,64,60,4
"520",8,"GLOR",1.93548387096774,2.03953520695067,62,60,4
"521",1,"TATO",5.3125,2.85565437417799,64,60,4
"522",2,"TATO",9.7741935483871,3.04296746257964,62,60,4
"523",3,"TATO",6.63492063492064,3.01234871017021,63,60,4
"524",4,"TATO",3.609375,3.28351915113541,64,60,4
"525",5,"TATO",8.71428571428571,2.98073692678977,63,60,4
"526",6,"TATO",3.40625,2.65305304812973,64,60,4
"527",7,"TATO",10.5,2.39708818069585,64,60,4
"528",8,"TATO",8.19354838709677,2.70905409465818,62,60,4
"529",1,"PEMA",7.33333333333333,6.75449394150273,24,60,5
"530",2,"PEMA",10.16,6.76190308517753,25,60,5
"531",3,"PEMA",12.375,5.35531024554945,24,60,5
"532",4,"PEMA",12.64,4.84664832642105,25,60,5
"533",5,"PEMA",14.2916666666667,4.79564264784159,24,60,5
"534",6,"PEMA",8.8,4.28174419288838,25,60,5
"535",7,"PEMA",12.84,4.24931367007269,25,60,5
"536",8,"PEMA",12.32,4.44147122772023,25,60,5
"537",1,"GLOR",3.484375,2.41024392824685,64,60,5
"538",2,"GLOR",2.33870967741935,2.74574811918413,62,60,5
"539",3,"GLOR",3.85714285714286,2.6631120702324,63,60,5
"540",4,"GLOR",3.171875,2.79202201007834,64,60,5
"541",5,"GLOR",2.6031746031746,2.80287687771023,63,60,5
"542",6,"GLOR",1.1875,1.84197099403252,64,60,5
"543",7,"GLOR",1.609375,2.12779927669523,64,60,5
"544",8,"GLOR",2.37096774193548,2.50398941342589,62,60,5
"545",1,"TATO",6,3.28053421898092,64,60,5
"546",2,"TATO",10.3709677419355,3.1426931698144,62,60,5
"547",3,"TATO",7.49206349206349,3.40243279127297,63,60,5
"548",4,"TATO",4.203125,3.56873410262492,64,60,5
"549",5,"TATO",10.7301587301587,3.75974582705743,63,60,5
"550",6,"TATO",3.625,2.8646726176562,64,60,5
"551",7,"TATO",12.4375,2.95401260596337,64,60,5
"552",8,"TATO",9.85483870967742,3.00189434285921,62,60,5
"553",1,"PEMA",7.70833333333333,7.02467184235346,24,60,6
"554",2,"PEMA",11.08,7.2106402859478,25,60,6
"555",3,"PEMA",14.75,6.00181132079598,24,60,6
"556",4,"PEMA",14.68,5.22589705218157,25,60,6
"557",5,"PEMA",16.5,5.19196703948806,24,60,6
"558",6,"PEMA",10.4,4.82182538049648,25,60,6
"559",7,"PEMA",14.52,4.56544995956952,25,60,6
"560",8,"PEMA",15.28,5.53413648789643,25,60,6
"561",1,"GLOR",3.5625,2.40287526180814,64,60,6
"562",2,"GLOR",2.43548387096774,2.89499833088055,62,60,6
"563",3,"GLOR",4.11111111111111,2.75979844466895,63,60,6
"564",4,"GLOR",3.390625,2.92019344597319,64,60,6
"565",5,"GLOR",2.80952380952381,2.99923185250309,63,60,6
"566",6,"GLOR",1.375,2.05866345916355,64,60,6
"567",7,"GLOR",1.625,2.12692489848831,64,60,6
"568",8,"GLOR",2.7258064516129,2.86396123038319,62,60,6
"569",1,"TATO",6.203125,3.31987610927763,64,60,6
"570",2,"TATO",10.8548387096774,3.40610240305783,62,60,6
"571",3,"TATO",7.93650793650794,3.57803791913144,63,60,6
"572",4,"TATO",4.5,3.72464976514784,64,60,6
"573",5,"TATO",12.4920634920635,4.34731291078648,63,60,6
"574",6,"TATO",3.75,3.02371578407382,64,60,6
"575",7,"TATO",12.875,3.1446603773522,64,60,6
"576",8,"TATO",11.1290322580645,3.43789809482739,62,60,6
"577",1,"PEMA",8.29166666666667,7.48609822715857,24,60,7
"578",2,"PEMA",11.68,7.73369252039412,25,60,7
"579",3,"PEMA",16.7916666666667,7.00918134937353,24,60,7
"580",4,"PEMA",16.68,6.41430692540771,25,60,7
"581",5,"PEMA",18.25,5.69706255355604,24,60,7
"582",6,"PEMA",12.12,5.37990086649683,25,60,7
"583",7,"PEMA",15.2,4.76969600708473,25,60,7
"584",8,"PEMA",18.04,6.33429817212083,25,60,7
"585",1,"GLOR",3.765625,2.52443416573751,64,60,7
"586",2,"GLOR",2.5,2.94623961497575,62,60,7
"587",3,"GLOR",4.25396825396825,2.91253272980781,63,60,7
"588",4,"GLOR",3.4375,2.96473987723755,64,60,7
"589",5,"GLOR",2.93650793650794,3.16672730154577,63,60,7
"590",6,"GLOR",1.5,2.18944074906146,64,60,7
"591",7,"GLOR",1.65625,2.11734147473546,64,60,7
"592",8,"GLOR",3.20967741935484,3.23979910718112,62,60,7
"593",1,"TATO",6.375,3.45722156541651,64,60,7
"594",2,"TATO",11.4193548387097,3.6554400829304,62,60,7
"595",3,"TATO",8.28571428571429,3.87476772010822,63,60,7
"596",4,"TATO",4.5625,3.76228147601451,64,60,7
"597",5,"TATO",14.2380952380952,5.0023036168004,63,60,7
"598",6,"TATO",3.953125,3.23389630592267,64,60,7
"599",7,"TATO",13.0625,3.21640142010261,64,60,7
"600",8,"TATO",12.741935483871,4.02425223222356,62,60,7
"601",1,"PEMA",9.125,8.17372513660055,24,60,8
"602",2,"PEMA",11.84,7.89873407578708,25,60,8
"603",3,"PEMA",18.75,7.63999772365092,24,60,8
"604",4,"PEMA",18,6.6395280956807,25,60,8
"605",5,"PEMA",19.7916666666667,6.12180114634266,24,60,8
"606",6,"PEMA",13.8,5.90903263374528,25,60,8
"607",7,"PEMA",15.88,5.15848815061157,25,60,8
"608",8,"PEMA",19.76,7.18377802181183,25,60,8
"609",1,"GLOR",3.890625,2.63744216817662,64,60,8
"610",2,"GLOR",2.58064516129032,3.09175735001466,62,60,8
"611",3,"GLOR",4.57142857142857,3.15571312790344,63,60,8
"612",4,"GLOR",3.515625,3.0131573247164,64,60,8
"613",5,"GLOR",3.11111111111111,3.45529566033913,63,60,8
"614",6,"GLOR",1.796875,2.29685559731574,64,60,8
"615",7,"GLOR",1.71875,2.16368842929097,64,60,8
"616",8,"GLOR",3.56451612903226,3.62423974047757,62,60,8
"617",1,"TATO",6.546875,3.56762197931642,64,60,8
"618",2,"TATO",11.6935483870968,3.77475961530771,62,60,8
"619",3,"TATO",8.47619047619048,4.00345472930384,63,60,8
"620",4,"TATO",4.65625,3.87183050101259,64,60,8
"621",5,"TATO",15.4603174603175,5.37564818844951,63,60,8
"622",6,"TATO",4.453125,3.67285057539867,64,60,8
"623",7,"TATO",13.359375,3.32077246463903,64,60,8
"624",8,"TATO",13.7903225806452,4.34623295255126,62,60,8
"625",1,"PEMA",9.66666666666667,8.54485182748204,24,60,9
"626",2,"PEMA",11.84,7.89873407578708,25,60,9
"627",3,"PEMA",18.75,7.63999772365092,24,60,9
"628",4,"PEMA",18,6.6395280956807,25,60,9
"629",5,"PEMA",21,6.48744607081547,24,60,9
"630",6,"PEMA",13.8,5.90903263374528,25,60,9
"631",7,"PEMA",15.88,5.15848815061157,25,60,9
"632",8,"PEMA",19.76,7.18377802181183,25,60,9
"633",1,"GLOR",4.015625,2.78597500814917,64,60,9
"634",2,"GLOR",2.58064516129032,3.09175735001466,62,60,9
"635",3,"GLOR",4.57142857142857,3.15571312790344,63,60,9
"636",4,"GLOR",3.515625,3.0131573247164,64,60,9
"637",5,"GLOR",3.33333333333333,3.69393574528883,63,60,9
"638",6,"GLOR",1.796875,2.29685559731574,64,60,9
"639",7,"GLOR",1.71875,2.16368842929097,64,60,9
"640",8,"GLOR",3.56451612903226,3.62423974047757,62,60,9
"641",1,"TATO",6.6875,3.65094030071228,64,60,9
"642",2,"TATO",11.758064516129,3.76213003789063,62,60,9
"643",3,"TATO",8.53968253968254,4.07915787018001,63,60,9
"644",4,"TATO",4.65625,3.87183050101259,64,60,9
"645",5,"TATO",16.5238095238095,5.71883459495236,63,60,9
"646",6,"TATO",4.484375,3.70753067824917,64,60,9
"647",7,"TATO",13.734375,3.51071912996808,64,60,9
"648",8,"TATO",13.8548387096774,4.31864723125022,62,60,9
"649",1,"PEMA",0.625,0.49453535504684,24,1440,1
"650",2,"PEMA",0.72,0.458257569495584,25,1440,1
"651",3,"PEMA",0.833333333333333,0.380693493813441,24,1440,1
"652",4,"PEMA",0.76,0.435889894354067,25,1440,1
"653",5,"PEMA",0.958333333333333,0.204124145231932,24,1440,1
"654",6,"PEMA",0.88,0.33166247903554,25,1440,1
"655",7,"PEMA",0.88,0.33166247903554,25,1440,1
"656",8,"PEMA",0.96,0.2,25,1440,1
"657",1,"GLOR",0.640625,0.483610347546419,64,1440,1
"658",2,"GLOR",0.5,0.504081700377764,62,1440,1
"659",3,"GLOR",0.523809523809524,0.503444357598888,63,1440,1
"660",4,"GLOR",0.34375,0.478713553878169,64,1440,1
"661",5,"GLOR",0.444444444444444,0.500895255864607,63,1440,1
"662",6,"GLOR",0.21875,0.416666666666667,64,1440,1
"663",7,"GLOR",0.28125,0.453163483587483,64,1440,1
"664",8,"GLOR",0.580645161290323,0.497481760000887,62,1440,1
"665",1,"TATO",0.4375,0.5,64,1440,1
"666",2,"TATO",0.903225806451613,0.298063554635246,62,1440,1
"667",3,"TATO",0.746031746031746,0.438775935480263,63,1440,1
"668",4,"TATO",0.59375,0.495014830625995,64,1440,1
"669",5,"TATO",0.888888888888889,0.316793975540994,63,1440,1
"670",6,"TATO",0.78125,0.416666666666667,64,1440,1
"671",7,"TATO",1,0,64,1440,1
"672",8,"TATO",1,0,62,1440,1
"673",1,"PEMA",1.29166666666667,0.907896118682551,24,1440,2
"674",2,"PEMA",1.48,0.871779788708135,25,1440,2
"675",3,"PEMA",1.66666666666667,0.701964118163034,24,1440,2
"676",4,"PEMA",1.64,0.637704215656966,25,1440,2
"677",5,"PEMA",1.91666666666667,0.408248290463863,24,1440,2
"678",6,"PEMA",1.84,0.472581562625261,25,1440,2
"679",7,"PEMA",1.8,0.5,25,1440,2
"680",8,"PEMA",1.92,0.4,25,1440,2
"681",1,"GLOR",1.28125,0.78616509433805,64,1440,2
"682",2,"GLOR",0.967741935483871,0.904773170296288,62,1440,2
"683",3,"GLOR",1.19047619047619,0.779932645089033,63,1440,2
"684",4,"GLOR",0.8125,0.814062904632322,64,1440,2
"685",5,"GLOR",0.904761904761905,0.855990008124637,63,1440,2
"686",6,"GLOR",0.421875,0.685558224635282,64,1440,2
"687",7,"GLOR",0.59375,0.770873551074384,64,1440,2
"688",8,"GLOR",0.887096774193548,0.770455235020018,62,1440,2
"689",1,"TATO",1.1875,0.774084200333755,64,1440,2
"690",2,"TATO",1.88709677419355,0.319057973542782,62,1440,2
"691",3,"TATO",1.68253968253968,0.533563698328598,63,1440,2
"692",4,"TATO",1.046875,0.805333165799415,64,1440,2
"693",5,"TATO",1.85714285714286,0.395830806847786,63,1440,2
"694",6,"TATO",1.375,0.74535599249993,64,1440,2
"695",7,"TATO",2,0,64,1440,2
"696",8,"TATO",1.95161290322581,0.21633454320768,62,1440,2
"697",1,"PEMA",1.875,1.36134524260572,24,1440,3
"698",2,"PEMA",2.24,1.3,25,1440,3
"699",3,"PEMA",2.54166666666667,0.977092700273386,24,1440,3
"700",4,"PEMA",2.44,0.869865890046659,25,1440,3
"701",5,"PEMA",2.83333333333333,0.637022057270606,24,1440,3
"702",6,"PEMA",2.48,0.714142842854285,25,1440,3
"703",7,"PEMA",2.76,0.66332495807108,25,1440,3
"704",8,"PEMA",2.88,0.6,25,1440,3
"705",1,"GLOR",1.765625,1.05020311716429,64,1440,3
"706",2,"GLOR",1.19354838709677,1.17122199989163,62,1440,3
"707",3,"GLOR",1.71428571428571,1.03843199768925,63,1440,3
"708",4,"GLOR",1.296875,1.03401954941453,64,1440,3
"709",5,"GLOR",1.23809523809524,1.07334697685273,63,1440,3
"710",6,"GLOR",0.65625,0.946484724300046,64,1440,3
"711",7,"GLOR",0.90625,1.10867789130417,64,1440,3
"712",8,"GLOR",1.25806451612903,1.08545501331624,62,1440,3
"713",1,"TATO",1.953125,0.933157934199099,64,1440,3
"714",2,"TATO",2.82258064516129,0.42558324678859,62,1440,3
"715",3,"TATO",2.53968253968254,0.736718899108149,63,1440,3
"716",4,"TATO",1.390625,1.13553270486126,64,1440,3
"717",5,"TATO",2.73015873015873,0.573791836097861,63,1440,3
"718",6,"TATO",1.765625,1.05020311716429,64,1440,3
"719",7,"TATO",2.984375,0.125,64,1440,3
"720",8,"TATO",2.66129032258065,0.510337348636183,62,1440,3
"721",1,"PEMA",2.375,1.73987755691126,24,1440,4
"722",2,"PEMA",3.04,1.67032930884901,25,1440,4
"723",3,"PEMA",3.45833333333333,1.2150922908826,24,1440,4
"724",4,"PEMA",3.4,1,25,1440,4
"725",5,"PEMA",3.75,0.896854406292881,24,1440,4
"726",6,"PEMA",3.12,1.01324561023804,25,1440,4
"727",7,"PEMA",3.68,0.852447456836295,25,1440,4
"728",8,"PEMA",3.56,0.869865890046659,25,1440,4
"729",1,"GLOR",2.03125,1.208025412326,64,1440,4
"730",2,"GLOR",1.30645161290323,1.31309557512909,62,1440,4
"731",3,"GLOR",2.23809523809524,1.30401718910952,63,1440,4
"732",4,"GLOR",1.6875,1.24562727233603,64,1440,4
"733",5,"GLOR",1.50793650793651,1.30597900335115,63,1440,4
"734",6,"GLOR",0.78125,1.07598238611889,64,1440,4
"735",7,"GLOR",1.15625,1.41666666666667,64,1440,4
"736",8,"GLOR",1.30645161290323,1.18167302455653,62,1440,4
"737",1,"TATO",2.59375,1.13695150739103,64,1440,4
"738",2,"TATO",3.56451612903226,0.643274607805302,62,1440,4
"739",3,"TATO",3.23809523809524,0.962427805659204,63,1440,4
"740",4,"TATO",1.8125,1.44612234657716,64,1440,4
"741",5,"TATO",3.63492063492063,0.747071428583668,63,1440,4
"742",6,"TATO",1.953125,1.29012965387573,64,1440,4
"743",7,"TATO",3.9375,0.302108989058322,64,1440,4
"744",8,"TATO",3.25806451612903,0.766843303098579,62,1440,4
"745",1,"PEMA",2.79166666666667,2.10546218548155,24,1440,5
"746",2,"PEMA",3.64,2.0591260281974,25,1440,5
"747",3,"PEMA",4.375,1.46888008212113,24,1440,5
"748",4,"PEMA",4.36,1.15036226178249,25,1440,5
"749",5,"PEMA",4.625,1.17260393995586,24,1440,5
"750",6,"PEMA",3.72,1.3699148392023,25,1440,5
"751",7,"PEMA",4.52,1.0847426730182,25,1440,5
"752",8,"PEMA",4.48,1.0847426730182,25,1440,5
"753",1,"GLOR",2.15625,1.28753178416616,64,1440,5
"754",2,"GLOR",1.46774193548387,1.49005162123676,62,1440,5
"755",3,"GLOR",2.58730158730159,1.56199748703817,63,1440,5
"756",4,"GLOR",1.921875,1.45083104263926,64,1440,5
"757",5,"GLOR",1.6984126984127,1.50948528543107,63,1440,5
"758",6,"GLOR",0.859375,1.13902196280231,64,1440,5
"759",7,"GLOR",1.21875,1.41946502330313,64,1440,5
"760",8,"GLOR",1.66129032258065,1.48150951361144,62,1440,5
"761",1,"TATO",3.078125,1.28859080775911,64,1440,5
"762",2,"TATO",4.04838709677419,0.857511063922099,62,1440,5
"763",3,"TATO",3.77777777777778,1.1973686801785,63,1440,5
"764",4,"TATO",2.203125,1.66361327446739,64,1440,5
"765",5,"TATO",4.50793650793651,0.948224416628698,63,1440,5
"766",6,"TATO",2.125,1.47465357782876,64,1440,5
"767",7,"TATO",4.734375,0.597406763662616,64,1440,5
"768",8,"TATO",4.08064516129032,0.910744373931749,62,1440,5
"769",1,"PEMA",3.08333333333333,2.32035729382664,24,1440,6
"770",2,"PEMA",4.16,2.37486841740758,25,1440,6
"771",3,"PEMA",5.20833333333333,1.76879144853366,24,1440,6
"772",4,"PEMA",5.32,1.31402688962847,25,1440,6
"773",5,"PEMA",5.54166666666667,1.44400309124885,24,1440,6
"774",6,"PEMA",4.56,1.6350331291241,25,1440,6
"775",7,"PEMA",5.2,1.3228756555323,25,1440,6
"776",8,"PEMA",5.36,1.35030860670194,25,1440,6
"777",1,"GLOR",2.234375,1.30617808528401,64,1440,6
"778",2,"GLOR",1.54838709677419,1.61628413500742,62,1440,6
"779",3,"GLOR",2.79365079365079,1.62796855560037,63,1440,6
"780",4,"GLOR",2.109375,1.59480493408372,64,1440,6
"781",5,"GLOR",1.87301587301587,1.64112533668569,63,1440,6
"782",6,"GLOR",1.03125,1.29674500926266,64,1440,6
"783",7,"GLOR",1.234375,1.42251942269219,64,1440,6
"784",8,"GLOR",1.93548387096774,1.66812909574273,62,1440,6
"785",1,"TATO",3.234375,1.34213981600811,64,1440,6
"786",2,"TATO",4.41935483870968,1.00079291673618,62,1440,6
"787",3,"TATO",4.14285714285714,1.42395567683311,63,1440,6
"788",4,"TATO",2.484375,1.80820166297022,64,1440,6
"789",5,"TATO",5.38095238095238,1.15603007311831,63,1440,6
"790",6,"TATO",2.234375,1.59106819962974,64,1440,6
"791",7,"TATO",5.0625,0.852168103246347,64,1440,6
"792",8,"TATO",4.7741935483871,1.13685437218856,62,1440,6
"793",1,"PEMA",3.41666666666667,2.58619523568919,24,1440,7
"794",2,"PEMA",4.52,2.63185612575358,25,1440,7
"795",3,"PEMA",6.04166666666667,2.0951116327354,24,1440,7
"796",4,"PEMA",6.08,1.52534149181967,25,1440,7
"797",5,"PEMA",6.33333333333333,1.71100445115846,24,1440,7
"798",6,"PEMA",5.36,1.77670106283152,25,1440,7
"799",7,"PEMA",5.68,1.6,25,1440,7
"800",8,"PEMA",6.24,1.58850034099251,25,1440,7
"801",1,"GLOR",2.40625,1.3997590495601,64,1440,7
"802",2,"GLOR",1.61290322580645,1.6728775513936,62,1440,7
"803",3,"GLOR",2.93650793650794,1.77684947601643,63,1440,7
"804",4,"GLOR",2.15625,1.64479699138135,64,1440,7
"805",5,"GLOR",1.96825396825397,1.75028342376087,63,1440,7
"806",6,"GLOR",1.15625,1.44989052679247,64,1440,7
"807",7,"GLOR",1.265625,1.41692924737387,64,1440,7
"808",8,"GLOR",2.32258064516129,1.89714361260089,62,1440,7
"809",1,"TATO",3.40625,1.48771423693989,64,1440,7
"810",2,"TATO",4.82258064516129,1.1945805704478,62,1440,7
"811",3,"TATO",4.41269841269841,1.64252874119225,63,1440,7
"812",4,"TATO",2.546875,1.86810903033157,64,1440,7
"813",5,"TATO",6.22222222222222,1.3612665407561,63,1440,7
"814",6,"TATO",2.40625,1.76130137673328,64,1440,7
"815",7,"TATO",5.234375,0.955222694886065,64,1440,7
"816",8,"TATO",5.51612903225806,1.35188921221161,62,1440,7
"817",1,"PEMA",3.95833333333333,2.97056818846477,24,1440,8
"818",2,"PEMA",4.68,2.79463772249642,25,1440,8
"819",3,"PEMA",6.83333333333333,2.35291986350109,24,1440,8
"820",4,"PEMA",6.8,1.73205080756888,25,1440,8
"821",5,"PEMA",7.20833333333333,1.97768346407052,24,1440,8
"822",6,"PEMA",6.08,1.95618676681616,25,1440,8
"823",7,"PEMA",6.16,1.8411952639522,25,1440,8
"824",8,"PEMA",7.04,1.85921130231791,25,1440,8
"825",1,"GLOR",2.515625,1.50123956718947,64,1440,8
"826",2,"GLOR",1.69354838709677,1.80698743658636,62,1440,8
"827",3,"GLOR",3.20634920634921,1.93573133765302,63,1440,8
"828",4,"GLOR",2.234375,1.71586608701595,64,1440,8
"829",5,"GLOR",2.0952380952381,1.91525527410237,63,1440,8
"830",6,"GLOR",1.421875,1.60163297125252,64,1440,8
"831",7,"GLOR",1.3125,1.45705726483755,64,1440,8
"832",8,"GLOR",2.58064516129032,2.12362501009495,62,1440,8
"833",1,"TATO",3.5625,1.6122054302124,64,1440,8
"834",2,"TATO",5.06451612903226,1.29147225355514,62,1440,8
"835",3,"TATO",4.58730158730159,1.7927715130213,63,1440,8
"836",4,"TATO",2.640625,1.98699891357285,64,1440,8
"837",5,"TATO",6.90476190476191,1.48882163530463,63,1440,8
"838",6,"TATO",2.8125,2.07689481281361,64,1440,8
"839",7,"TATO",5.515625,1.19512485234741,64,1440,8
"840",8,"TATO",6.12903225806452,1.48747636396972,62,1440,8
"841",1,"PEMA",4.25,3.22018092929439,24,1440,9
"842",2,"PEMA",4.68,2.79463772249642,25,1440,9
"843",3,"PEMA",6.83333333333333,2.35291986350109,24,1440,9
"844",4,"PEMA",6.8,1.73205080756888,25,1440,9
"845",5,"PEMA",7.91666666666667,2.26344613494492,24,1440,9
"846",6,"PEMA",6.08,1.95618676681616,25,1440,9
"847",7,"PEMA",6.16,1.8411952639522,25,1440,9
"848",8,"PEMA",7.04,1.85921130231791,25,1440,9
"849",1,"GLOR",2.609375,1.61949617385867,64,1440,9
"850",2,"GLOR",1.69354838709677,1.80698743658636,62,1440,9
"851",3,"GLOR",3.20634920634921,1.93573133765302,63,1440,9
"852",4,"GLOR",2.234375,1.71586608701595,64,1440,9
"853",5,"GLOR",2.3015873015873,2.1450236530384,63,1440,9
"854",6,"GLOR",1.421875,1.60163297125252,64,1440,9
"855",7,"GLOR",1.3125,1.45705726483755,64,1440,9
"856",8,"GLOR",2.58064516129032,2.12362501009495,62,1440,9
"857",1,"TATO",3.703125,1.70600887155995,64,1440,9
"858",2,"TATO",5.12903225806452,1.2865492156106,62,1440,9
"859",3,"TATO",4.63492063492064,1.85177845903378,63,1440,9
"860",4,"TATO",2.640625,1.98699891357285,64,1440,9
"861",5,"TATO",7.50793650793651,1.68363102111436,63,1440,9
"862",6,"TATO",2.84375,2.12482492275974,64,1440,9
"863",7,"TATO",5.828125,1.36340711757493,64,1440,9
"864",8,"TATO",6.19354838709677,1.49138190595957,62,1440,9
