"sp","g","t","m","a","sa","N","SE","LCI","UCI","model"
"DEER MOUSE",1,1,24.09,9.59931088596881,78400,22.4412738896725,5.60984679682441,13.8508788902099,36.3594814295329,"ste"
"DEER MOUSE",1,5,24.09,9.59931088596881,78400,63.9819360030517,10.5174794796922,46.4583986546614,88.1151364068348,"ste"
"DEER MOUSE",1,15,24.09,9.59931088596881,78400,142.753465987817,19.2448220254389,109.73597739317,185.705294978337,"ste"
"DEER MOUSE",1,30,24.09,9.59931088596881,78400,174.664600939329,22.7345225000283,135.479820347958,225.182781782119,"ste"
"DEER MOUSE",1,60,24.09,9.59931088596881,78400,220.006608029389,27.9385030814618,171.700757440681,281.902702690869,"ste"
"DEER MOUSE",1,1440,24.09,9.59931088596881,78400,260.435801988957,17.1354148805917,228.957665056735,296.241695777357,"tte"
"DEER MOUSE",2,1,24.09,9.59931088596881,78400,14.8591299547345,4.48134443133862,8.33378589923363,26.4938103379872,"ste"
"DEER MOUSE",2,5,24.09,9.59931088596881,78400,64.444385571001,10.5947413133682,46.7924567363041,88.7553063312802,"ste"
"DEER MOUSE",2,15,24.09,9.59931088596881,78400,106.428071155589,15.3626156761311,80.3189676381993,141.024401370817,"ste"
"DEER MOUSE",2,30,24.09,9.59931088596881,78400,158.491084565123,20.6315633718207,122.931413057424,204.336900242862,"ste"
"DEER MOUSE",2,60,24.09,9.59931088596881,78400,226.503081799295,28.3111222791675,177.455991970793,289.106304581825,"ste"
"DEER MOUSE",2,1440,24.09,9.59931088596881,78400,366.625124546147,23.7647731390335,322.926618166032,416.236923149423,"tte"
"DEER MOUSE",3,1,24.09,9.59931088596881,78400,34.1337858726234,7.11560869436435,22.7835529586114,51.1384392115948,"ste"
"DEER MOUSE",3,5,24.09,9.59931088596881,78400,84.3527728784062,13.0183917676076,62.4454850547386,113.945632515125,"ste"
"DEER MOUSE",3,15,24.09,9.59931088596881,78400,159.43850108651,20.7546521051466,123.666625541947,205.557768858911,"ste"
"DEER MOUSE",3,30,24.09,9.59931088596881,78400,208.547485028245,26.0653308879162,163.390757810571,266.184293985765,"ste"
"DEER MOUSE",3,60,24.09,9.59931088596881,78400,253.147705263031,31.3847525742694,198.721085036468,322.480931845646,"ste"
"DEER MOUSE",3,1440,24.09,9.59931088596881,78400,358.225498663464,20.8566914103332,319.623458478417,401.489641916733,"tte"
"DEER MOUSE",4,1,24.09,9.59931088596881,78400,48.8465736504443,8.91729092061903,34.2539130065963,69.6559180531814,"ste"
"DEER MOUSE",4,5,24.09,9.59931088596881,78400,90.9760951511384,13.8741991939474,67.5863304852471,122.460412179881,"ste"
"DEER MOUSE",4,15,24.09,9.59931088596881,78400,161.635369110801,21.2262033281286,125.092347913838,208.853642795001,"ste"
"DEER MOUSE",4,30,24.09,9.59931088596881,78400,211.078551830335,26.8123817645511,164.721436563912,270.481826604908,"ste"
"DEER MOUSE",4,60,24.09,9.59931088596881,78400,263.399731243247,32.425955250758,207.118840261804,334.973961476983,"ste"
"DEER MOUSE",4,1440,24.09,9.59931088596881,78400,331.29964771027,17.9146302391636,298.006695229849,368.312049124576,"tte"
"DEER MOUSE",5,1,24.09,9.59931088596881,78400,40.799413307361,8.00349570320019,27.8770638018704,59.7118885279868,"ste"
"DEER MOUSE",5,5,24.09,9.59931088596881,78400,84.4417390608525,12.8787665417308,62.7303960396438,113.667500060336,"ste"
"DEER MOUSE",5,15,24.09,9.59931088596881,78400,148.763750580558,20.0544671400539,114.357049717447,193.522424209742,"ste"
"DEER MOUSE",5,30,24.09,9.59931088596881,78400,208.711053371118,26.2967569844958,163.199009961003,266.91524543985,"ste"
"DEER MOUSE",5,60,24.09,9.59931088596881,78400,266.507082068646,33.3160504214799,208.790312538108,340.178736883591,"ste"
"DEER MOUSE",5,1440,24.09,9.59931088596881,78400,814.04903685868,43.5750386733333,733.024603930738,904.029456660856,"tte"
"DEER MOUSE",6,1,24.09,9.59931088596881,78400,27.2964740883702,6.26053449781064,17.5135379961628,42.5440877691486,"ste"
"DEER MOUSE",6,5,24.09,9.59931088596881,78400,74.0097321719185,11.8480078681024,54.1852457773387,101.087304811117,"ste"
"DEER MOUSE",6,15,24.09,9.59931088596881,78400,127.107890310144,17.2990413173194,97.4664794494082,165.763818190251,"ste"
"DEER MOUSE",6,30,24.09,9.59931088596881,78400,195.355283493128,25.2173925942715,151.844695147969,251.333685062168,"ste"
"DEER MOUSE",6,60,24.09,9.59931088596881,78400,221.333434777042,27.8836718430204,173.074156500524,283.049129579636,"ste"
"DEER MOUSE",6,1440,24.09,9.59931088596881,78400,343.178624378608,20.1174838946066,305.959393536119,384.925485925604,"tte"
"DEER MOUSE",7,1,24.09,9.59931088596881,78400,30.7473392085866,6.70908852328034,20.1477690440574,46.9232532068723,"ste"
"DEER MOUSE",7,5,24.09,9.59931088596881,78400,73.2262515500171,11.7267219068835,53.6058030130146,100.02804947749,"ste"
"DEER MOUSE",7,15,24.09,9.59931088596881,78400,130.520834977126,17.9295996245604,99.8376882991752,170.633842322919,"ste"
"DEER MOUSE",7,30,24.09,9.59931088596881,78400,160.591336150693,21.654728983862,123.440458750038,208.923212922336,"ste"
"DEER MOUSE",7,60,24.09,9.59931088596881,78400,199.100781640555,25.9165398997884,154.431844418291,256.690071916185,"ste"
"DEER MOUSE",7,1440,24.09,9.59931088596881,78400,560.30447112851,32.9590809742648,499.339280265521,628.713006915184,"tte"
"DEER MOUSE",8,1,24.09,9.59931088596881,78400,21.2895944328301,5.49809430921583,12.9382900228993,35.0314323076849,"ste"
"DEER MOUSE",8,5,24.09,9.59931088596881,78400,87.5754026209544,13.2031708381625,65.278488092067,117.488185899856,"ste"
"DEER MOUSE",8,15,24.09,9.59931088596881,78400,142.757638915673,19.2481608118589,109.735058482809,185.717707271922,"ste"
"DEER MOUSE",8,30,24.09,9.59931088596881,78400,204.310414445735,25.9497113642819,159.444167676934,261.801645423415,"ste"
"DEER MOUSE",8,60,24.09,9.59931088596881,78400,296.663480710703,36.4866743573403,233.327262579093,377.192188407716,"ste"
"DEER MOUSE",8,1440,24.09,9.59931088596881,78400,691.409457471649,38.5307362247581,619.919949199799,771.143175015273,"tte"
"TOWNSENDS CHIPMUNK",1,1,86.58,9.59931088596881,78400,6.232286935734,3.11492437464663,2.46995959460498,15.7255205850979,"ste"
"TOWNSENDS CHIPMUNK",1,5,86.58,9.59931088596881,78400,21.8591086582109,6.06338042036915,12.8197535666652,37.2722165716144,"ste"
"TOWNSENDS CHIPMUNK",1,15,86.58,9.59931088596881,78400,50.1684433221414,9.83618159603431,34.2854329194774,73.4093896751437,"ste"
"TOWNSENDS CHIPMUNK",1,30,86.58,9.59931088596881,78400,62.3837194860923,11.585384774282,43.4838931083473,89.4981607838693,"ste"
"TOWNSENDS CHIPMUNK",1,60,86.58,9.59931088596881,78400,94.3123936101671,15.3011602934629,68.7644636029097,129.352097325205,"ste"
"TOWNSENDS CHIPMUNK",1,1440,86.58,9.59931088596881,78400,62.4057607699057,5.720725761161,52.1623239534614,74.6607643621343,"tte"
"TOWNSENDS CHIPMUNK",2,1,86.58,9.59931088596881,78400,6.18751887015547,3.09370740020247,2.45145545120964,15.617411994837,"ste"
"TOWNSENDS CHIPMUNK",2,5,86.58,9.59931088596881,78400,25.2672460954346,6.52769196080116,15.3529451604129,41.583795068417,"ste"
"TOWNSENDS CHIPMUNK",2,15,86.58,9.59931088596881,78400,55.3624110830725,10.4633415705236,38.3483610564061,79.9250991828007,"ste"
"TOWNSENDS CHIPMUNK",2,30,86.58,9.59931088596881,78400,95.4013729870681,15.0851059641726,70.1113177026601,129.813876932346,"ste"
"TOWNSENDS CHIPMUNK",2,60,86.58,9.59931088596881,78400,183.918491072459,25.5057831092568,140.326755401697,241.051759955117,"ste"
"TOWNSENDS CHIPMUNK",2,1440,86.58,9.59931088596881,78400,73.3320048018744,5.79740305329067,62.8208394659548,85.6018953897689,"tte"
"TOWNSENDS CHIPMUNK",3,1,86.58,9.59931088596881,78400,12.4616474074002,4.40591110502679,6.35972525555508,24.4181391280575,"ste"
"TOWNSENDS CHIPMUNK",3,5,86.58,9.59931088596881,78400,33.294222332781,7.63723637853395,21.3603898121479,51.8953656975975,"ste"
"TOWNSENDS CHIPMUNK",3,15,86.58,9.59931088596881,78400,71.2555583636733,12.4047078563102,50.7851915208921,99.9770690168632,"ste"
"TOWNSENDS CHIPMUNK",3,30,86.58,9.59931088596881,78400,103.223742679426,16.5123158939509,75.5914713214697,140.956921018709,"ste"
"TOWNSENDS CHIPMUNK",3,60,86.58,9.59931088596881,78400,145.225718080756,21.1881622498036,109.271248720435,193.010599211051,"ste"
"TOWNSENDS CHIPMUNK",3,1440,86.58,9.59931088596881,78400,79.4866817355623,6.18802874382847,68.2538709313699,92.5681208569626,"tte"
"TOWNSENDS CHIPMUNK",4,1,86.58,9.59931088596881,78400,14.2194639025927,4.737228848009,7.52883282460173,26.8558431814871,"ste"
"TOWNSENDS CHIPMUNK",4,5,86.58,9.59931088596881,78400,23.2880434585605,6.22454935498761,13.9164583420685,38.9706170059352,"ste"
"TOWNSENDS CHIPMUNK",4,15,86.58,9.59931088596881,78400,51.0969147450024,9.83319276353046,35.1618471154397,74.2536274583707,"ste"
"TOWNSENDS CHIPMUNK",4,30,86.58,9.59931088596881,78400,72.5261390879065,12.8237001891243,51.4213575705363,102.292920675674,"ste"
"TOWNSENDS CHIPMUNK",4,60,86.58,9.59931088596881,78400,95.1427200845153,15.2369434902734,69.6492951603435,129.967391116321,"ste"
"TOWNSENDS CHIPMUNK",4,1440,86.58,9.59931088596881,78400,61.3201006599241,5.50670668964858,51.4416343816646,73.0955536335653,"tte"
"TOWNSENDS CHIPMUNK",5,1,86.58,9.59931088596881,78400,28.7081093669783,7.66381407368384,17.1658812657721,48.0112573695653,"ste"
"TOWNSENDS CHIPMUNK",5,5,86.58,9.59931088596881,78400,128.753547575258,20.355028913452,94.627510949449,175.186643364952,"ste"
"TOWNSENDS CHIPMUNK",5,15,86.58,9.59931088596881,78400,337.958662751335,46.4189333606942,258.519891977456,441.807618187582,"ste"
"TOWNSENDS CHIPMUNK",5,30,86.58,9.59931088596881,78400,478.902918823421,65.1676195906904,367.237813868511,624.521759460507,"ste"
"TOWNSENDS CHIPMUNK",5,60,86.58,9.59931088596881,78400,635.600206596192,86.4868759696222,487.403591564986,828.856474627061,"ste"
"TOWNSENDS CHIPMUNK",5,1440,86.58,9.59931088596881,78400,118.831765594974,7.15283054140675,105.618896251088,133.697558066209,"tte"
"TOWNSENDS CHIPMUNK",6,1,86.58,9.59931088596881,78400,3.06394131275819,2.16434360693104,0.880458169784987,10.6623309206375,"ste"
"TOWNSENDS CHIPMUNK",6,5,86.58,9.59931088596881,78400,14.1533284741303,4.71663916691033,7.4924314688997,26.7358744258284,"ste"
"TOWNSENDS CHIPMUNK",6,15,86.58,9.59931088596881,78400,36.5826409397035,8.18113133381632,23.7263786586231,56.4051361304934,"ste"
"TOWNSENDS CHIPMUNK",6,30,86.58,9.59931088596881,78400,54.8331966880257,10.3631476536609,37.9820154633594,79.1606085761354,"ste"
"TOWNSENDS CHIPMUNK",6,60,86.58,9.59931088596881,78400,77.3140382662745,13.2623316678928,55.3731497081227,107.948717827083,"ste"
"TOWNSENDS CHIPMUNK",6,1440,86.58,9.59931088596881,78400,50.0607559536714,6.57329819238456,38.7439995151748,64.6830300953183,"tte"
"TOWNSENDS CHIPMUNK",7,1,86.58,9.59931088596881,78400,17.5151988156294,5.83746446258648,9.27167216074393,33.0881187591958,"ste"
"TOWNSENDS CHIPMUNK",7,5,86.58,9.59931088596881,78400,62.7914678826825,12.5558527762651,42.594727250538,92.5647067927204,"ste"
"TOWNSENDS CHIPMUNK",7,15,86.58,9.59931088596881,78400,103.7786336937,17.5432453095568,74.6838030214318,144.208039435815,"ste"
"TOWNSENDS CHIPMUNK",7,30,86.58,9.59931088596881,78400,152.962904536492,23.9004787041246,112.81959141678,207.389956570611,"ste"
"TOWNSENDS CHIPMUNK",7,60,86.58,9.59931088596881,78400,245.053338755132,35.3678166917992,184.943741579535,324.699491435411,"ste"
"TOWNSENDS CHIPMUNK",7,1440,86.58,9.59931088596881,78400,131.836390267726,9.77236179455059,114.031624691727,152.421171283067,"tte"
"TOWNSENDS CHIPMUNK",8,1,86.58,9.59931088596881,78400,11.2432904590194,4.25160384297817,5.49164373653895,23.0188967839976,"ste"
"TOWNSENDS CHIPMUNK",8,5,86.58,9.59931088596881,78400,54.2982110763411,10.2621432224873,37.6113016908395,78.3885585860746,"ste"
"TOWNSENDS CHIPMUNK",8,15,86.58,9.59931088596881,78400,121.436445317498,18.3048678972265,90.5231819652963,162.906450383097,"ste"
"TOWNSENDS CHIPMUNK",8,30,86.58,9.59931088596881,78400,181.059505508947,25.1064085100263,138.149658991106,237.297325049894,"ste"
"TOWNSENDS CHIPMUNK",8,60,86.58,9.59931088596881,78400,266.987833911767,35.9949528223501,205.233322940886,347.324218287053,"ste"
"TOWNSENDS CHIPMUNK",8,1440,86.58,9.59931088596881,78400,67.9918455724835,4.20054955394665,60.2446577477461,76.7352863669541,"tte"
"FLYING SQUIRREL",1,1,87.22,9.59931088596881,78400,1.26950641134543,1.27033660312634,0.248093783103872,6.49611815453024,"ste"
"FLYING SQUIRREL",1,5,87.22,9.59931088596881,78400,9.15777820619976,3.46321883804845,4.47279114425568,18.7500151402449,"ste"
"FLYING SQUIRREL",1,15,87.22,9.59931088596881,78400,13.5980191438428,4.30050296118792,7.42437261462002,24.9052861749151,"ste"
"FLYING SQUIRREL",1,30,87.22,9.59931088596881,78400,32.1033549381071,6.84379030344948,21.2373555961746,48.5288949283179,"ste"
"FLYING SQUIRREL",1,60,87.22,9.59931088596881,78400,62.312147943971,10.2446753469393,45.243594267171,85.8199673187484,"ste"
"FLYING SQUIRREL",1,1440,87.22,9.59931088596881,78400,43.4245370391826,5.85536240463017,33.3790334440336,56.4932600648566,"tte"
"FLYING SQUIRREL",2,1,87.22,9.59931088596881,78400,NA,NA,NA,NA,"ste"
"FLYING SQUIRREL",2,5,87.22,9.59931088596881,78400,3.82663048897434,2.20981647618955,1.33710655026508,10.9513343542031,"ste"
"FLYING SQUIRREL",2,15,87.22,9.59931088596881,78400,16.6052985781891,4.79116393242648,9.53973749672761,28.9039337786176,"ste"
"FLYING SQUIRREL",2,30,87.22,9.59931088596881,78400,29.0660151674837,6.49866109526214,18.8531584707953,44.8112309152384,"ste"
"FLYING SQUIRREL",2,60,87.22,9.59931088596881,78400,43.7403765717837,8.26393380797683,30.3018286927226,63.138781558122,"ste"
"FLYING SQUIRREL",2,1440,87.22,9.59931088596881,78400,39.9828743592742,6.96012388369458,28.4970986425201,56.0980000835669,"tte"
"FLYING SQUIRREL",3,1,87.22,9.59931088596881,78400,2.52056679481335,1.78251440837215,0.723477137316374,8.78155872441536,"ste"
"FLYING SQUIRREL",3,5,87.22,9.59931088596881,78400,11.7422017427604,3.91372986305808,6.21545797066832,22.1832892151084,"ste"
"FLYING SQUIRREL",3,15,87.22,9.59931088596881,78400,34.6088800265711,7.21558893110027,23.0994754566281,51.8528907265688,"ste"
"FLYING SQUIRREL",3,30,87.22,9.59931088596881,78400,57.5552003768105,9.73115364434,41.4169214802061,79.9818280071336,"ste"
"FLYING SQUIRREL",3,60,87.22,9.59931088596881,78400,93.8007745888483,13.8271117107672,70.3724678788725,125.028801442808,"ste"
"FLYING SQUIRREL",3,1440,87.22,9.59931088596881,78400,47.5472347369822,4.32247516773836,39.8016492151355,56.8001471223959,"tte"
"FLYING SQUIRREL",4,1,87.22,9.59931088596881,78400,3.8551491827779,2.22675104799203,1.34681427546176,11.0350591705583,"ste"
"FLYING SQUIRREL",4,5,87.22,9.59931088596881,78400,11.6537707714778,3.88348896758467,6.169384108342,22.0136031099947,"ste"
"FLYING SQUIRREL",4,15,87.22,9.59931088596881,78400,27.7266129274498,6.36132360252085,17.7869330117895,43.2207769557053,"ste"
"FLYING SQUIRREL",4,30,87.22,9.59931088596881,78400,40.8350376768874,8.00929889650139,27.9029478251066,59.7607217891305,"ste"
"FLYING SQUIRREL",4,60,87.22,9.59931088596881,78400,50.2108611744598,9.1716918067421,35.2034654134263,71.6159772986253,"ste"
"FLYING SQUIRREL",4,1440,87.22,9.59931088596881,78400,45.1935528043659,5.11716134378885,36.2244600357084,56.3833722591764,"tte"
"FLYING SQUIRREL",5,1,87.22,9.59931088596881,78400,NA,NA,NA,NA,"ste"
"FLYING SQUIRREL",5,5,87.22,9.59931088596881,78400,9.42770200401186,3.56249165053045,4.60705653742708,19.2924841174377,"ste"
"FLYING SQUIRREL",5,15,87.22,9.59931088596881,78400,30.9974389927939,6.76487461198428,20.3101456840019,47.3084358458749,"ste"
"FLYING SQUIRREL",5,30,87.22,9.59931088596881,78400,45.4581214234535,8.42222453090848,31.7125792082306,65.1615496103556,"ste"
"FLYING SQUIRREL",5,60,87.22,9.59931088596881,78400,67.9793981593452,10.8884111048866,49.7620756700659,92.8658724918633,"ste"
"FLYING SQUIRREL",5,1440,87.22,9.59931088596881,78400,65.6176063247959,8.20219942226451,51.4079641503162,83.7549265169532,"tte"
"FLYING SQUIRREL",6,1,87.22,9.59931088596881,78400,2.53782688982784,1.79554880803023,0.728086472624899,8.84587966524596,"ste"
"FLYING SQUIRREL",6,5,87.22,9.59931088596881,78400,7.67113803377937,3.13100255205329,3.55407442047995,16.5574357121508,"ste"
"FLYING SQUIRREL",6,15,87.22,9.59931088596881,78400,22.5520481856537,5.63918897335866,13.9173410020277,36.5439689444951,"ste"
"FLYING SQUIRREL",6,30,87.22,9.59931088596881,78400,38.4477956315823,7.68855311534835,26.0805141318908,56.6795954041551,"ste"
"FLYING SQUIRREL",6,60,87.22,9.59931088596881,78400,51.5047674254989,9.24935699636999,36.3241175351937,73.0297457325576,"ste"
"FLYING SQUIRREL",6,1440,87.22,9.59931088596881,78400,53.8294786646618,6.89215734848168,41.9252581049915,69.1137730399399,"tte"
"FLYING SQUIRREL",7,1,87.22,9.59931088596881,78400,1.26417854735024,1.26188747536035,0.247771125034201,6.45009542318526,"ste"
"FLYING SQUIRREL",7,5,87.22,9.59931088596881,78400,5.10934969832144,2.55486755770173,2.02413674989427,12.8970803682611,"ste"
"FLYING SQUIRREL",7,15,87.22,9.59931088596881,78400,14.7437514376392,4.4466534417333,8.26896649737166,26.2884371975608,"ste"
"FLYING SQUIRREL",7,30,87.22,9.59931088596881,78400,22.7380338410573,5.68600412527974,14.031759451004,36.8462832307229,"ste"
"FLYING SQUIRREL",7,60,87.22,9.59931088596881,78400,31.9134388345901,6.8047019631311,21.109967101667,48.2458155118914,"ste"
"FLYING SQUIRREL",7,1440,87.22,9.59931088596881,78400,92.0862171997828,14.2092094253511,68.1743312782839,124.385105642638,"tte"
"FLYING SQUIRREL",8,1,87.22,9.59931088596881,78400,5.15344810772985,2.57962524575511,2.03982826867232,13.0197369096911,"ste"
"FLYING SQUIRREL",8,5,87.22,9.59931088596881,78400,11.8742030035824,3.95913314121018,6.28398109058294,22.4374795114485,"ste"
"FLYING SQUIRREL",8,15,87.22,9.59931088596881,78400,38.8522256693387,7.61853285517481,26.5504981893503,56.8537519972674,"ste"
"FLYING SQUIRREL",8,30,87.22,9.59931088596881,78400,49.343648859139,9.00663923616061,34.6043622386032,70.3609465750494,"ste"
"FLYING SQUIRREL",8,60,87.22,9.59931088596881,78400,80.2667372224024,12.5367694808341,59.208664478534,108.814295358174,"ste"
"FLYING SQUIRREL",8,1440,87.22,9.59931088596881,78400,60.3546297722795,6.12808317119809,49.4884795819262,73.6066528154013,"tte"
