"param","mean","sd","2.5%","50%","97.5%","Rhat","n.eff","model","g","sp","t","mode"
"D",66.233,52.692,4.837,55.118,164.904,3.81,39,"CAM-SC_noinfo_separate",1,"PEMA",0,7.579
"lam0",6.616,2.019,3.593,6.419,11.403,1.54,101,"CAM-SC_noinfo_separate",1,"PEMA",0,6.484
"N",588.812,468.431,43,490,1466,3.81,39,"CAM-SC_noinfo_separate",1,"PEMA",0,67.374
"psi",0.295,0.234,0.021,0.246,0.733,3.81,52,"CAM-SC_noinfo_separate",1,"PEMA",0,0.034
"sigma",6.516,3.567,2.507,5.277,13.783,5.95,30,"CAM-SC_noinfo_separate",1,"PEMA",0,2.86
"D",61.048,36.151,16.31,56.355,143.87,2.65,44,"CAM-SC_noinfo_separate",2,"PEMA",0,21.319
"lam0",28.863,14.853,14.24,23.75,69.869,1.93,32,"CAM-SC_noinfo_separate",2,"PEMA",0,19.941
"N",542.72,321.384,145,501,1279,2.65,44,"CAM-SC_noinfo_separate",2,"PEMA",0,189.525
"psi",0.272,0.161,0.072,0.251,0.64,2.63,47,"CAM-SC_noinfo_separate",2,"PEMA",0,0.103
"sigma",4.752,1.106,3.101,4.547,7.597,2.49,14,"CAM-SC_noinfo_separate",2,"PEMA",0,4.467
"D",63.258,37.945,11.024,66.479,138.358,3.59,58,"CAM-SC_noinfo_separate",3,"PEMA",0,14.451
"lam0",12.823,3.91,6.337,12.306,20.616,3.51,44,"CAM-SC_noinfo_separate",3,"PEMA",0,10.527
"N",562.367,337.328,98,591,1230,3.59,58,"CAM-SC_noinfo_separate",3,"PEMA",0,128.468
"psi",0.281,0.168,0.049,0.295,0.614,3.57,61,"CAM-SC_noinfo_separate",3,"PEMA",0,0.067
"sigma",7.346,2.573,4.183,6.575,12.305,7.74,18,"CAM-SC_noinfo_separate",3,"PEMA",0,4.806
"D",147.595,50.36,55.793,153.093,219.91,1.55,17,"CAM-SC_noinfo_separate",4,"PEMA",0,216.673
"lam0",7.533,1.835,4.852,7.109,11.849,1.24,39,"CAM-SC_noinfo_separate",4,"PEMA",0,6.168
"N",1312.12,447.7,496,1361,1955,1.55,17,"CAM-SC_noinfo_separate",4,"PEMA",0,1926.224
"psi",0.656,0.224,0.249,0.68,0.977,1.55,17,"CAM-SC_noinfo_separate",4,"PEMA",0,0.964
"sigma",4.196,1.016,2.89,4.05,6.853,1.06,19,"CAM-SC_noinfo_separate",4,"PEMA",0,3.666
"D",44.635,20.735,12.373,47.582,80.652,3.36,136,"CAM-SC_noinfo_separate",5,"PEMA",0,17.477
"lam0",17.101,5.878,9.241,15.557,31.53,2.71,29,"CAM-SC_noinfo_separate",5,"PEMA",0,15.128
"N",396.804,184.332,110,423,717,3.36,136,"CAM-SC_noinfo_separate",5,"PEMA",0,155.372
"psi",0.198,0.092,0.055,0.212,0.36,3.32,145,"CAM-SC_noinfo_separate",5,"PEMA",0,0.073
"sigma",7.633,1.554,5.468,7.124,10.253,3.82,37,"CAM-SC_noinfo_separate",5,"PEMA",0,6.849
"D",48.553,26.671,15.861,43.195,114.623,2.13,37,"CAM-SC_noinfo_separate",6,"PEMA",0,23.97
"lam0",7.394,2.184,4.177,6.984,12.821,1.47,49,"CAM-SC_noinfo_separate",6,"PEMA",0,6.527
"N",431.639,237.104,141,384,1019,2.13,37,"CAM-SC_noinfo_separate",6,"PEMA",0,213.092
"psi",0.216,0.119,0.07,0.192,0.512,2.12,41,"CAM-SC_noinfo_separate",6,"PEMA",0,0.109
"sigma",6.598,1.475,4.02,6.507,9.282,2.18,17,"CAM-SC_noinfo_separate",6,"PEMA",0,6.367
"D",88.415,46.249,19.798,85.152,163.78,4.19,32,"CAM-SC_noinfo_separate",7,"PEMA",0,27.937
"lam0",8.662,2.478,4.386,8.644,13.746,1.91,40,"CAM-SC_noinfo_separate",7,"PEMA",0,9.101
"N",786.006,411.158,176,757,1456,4.19,32,"CAM-SC_noinfo_separate",7,"PEMA",0,248.361
"psi",0.393,0.206,0.086,0.38,0.728,4.17,34,"CAM-SC_noinfo_separate",7,"PEMA",0,0.132
"sigma",6.386,2.148,3.469,5.851,10.388,4.77,16,"CAM-SC_noinfo_separate",7,"PEMA",0,5.705
"D",97.139,55.913,32.508,75.703,208.211,3.93,10,"CAM-SC_noinfo_separate",8,"PEMA",0,40.177
"lam0",8.326,2.677,3.644,8.152,13.763,1.84,17,"CAM-SC_noinfo_separate",8,"PEMA",0,7.762
"N",863.566,497.07,289,673,1851,3.93,10,"CAM-SC_noinfo_separate",8,"PEMA",0,357.178
"psi",0.432,0.249,0.144,0.336,0.925,3.92,11,"CAM-SC_noinfo_separate",8,"PEMA",0,0.203
"sigma",8.325,1.449,5.256,8.649,10.621,2.86,12,"CAM-SC_noinfo_separate",8,"PEMA",0,9.044
"D",111.628,48.35,17.548,112.148,201.125,2.86,14,"CAM-SC_noinfo_separate",1,"PEMA",15,108.565
"lam0",2.45,0.727,1.356,2.337,4.243,1.03,131,"CAM-SC_noinfo_separate",1,"PEMA",15,2.41
"N",992.371,429.834,156,997,1788,2.86,14,"CAM-SC_noinfo_separate",1,"PEMA",15,965.14
"psi",0.496,0.215,0.078,0.498,0.894,2.86,16,"CAM-SC_noinfo_separate",1,"PEMA",15,0.479
"sigma",4.591,1.783,2.665,4.117,10.704,2.28,44,"CAM-SC_noinfo_separate",1,"PEMA",15,3.561
"D",133.657,46.764,47.694,138.92,215.523,2.37,13,"CAM-SC_noinfo_separate",2,"PEMA",15,147.067
"lam0",3.155,0.939,1.762,2.985,5.38,1.11,69,"CAM-SC_noinfo_separate",2,"PEMA",15,2.644
"N",1188.214,415.736,424,1235,1916,2.37,13,"CAM-SC_noinfo_separate",2,"PEMA",15,1307.429
"psi",0.594,0.208,0.213,0.618,0.958,2.37,13,"CAM-SC_noinfo_separate",2,"PEMA",15,0.644
"sigma",4.617,0.901,3.097,4.579,6.569,1.73,37,"CAM-SC_noinfo_separate",2,"PEMA",15,4.938
"D",67.171,39.733,11.811,61.755,161.305,1.86,12,"CAM-SC_noinfo_separate",3,"PEMA",15,25.495
"lam0",1.142,0.465,0.552,1.048,2.171,1.52,23,"CAM-SC_noinfo_separate",3,"PEMA",15,0.768
"N",597.147,353.229,105,549,1434,1.86,12,"CAM-SC_noinfo_separate",3,"PEMA",15,226.649
"psi",0.299,0.177,0.051,0.276,0.717,1.87,12,"CAM-SC_noinfo_separate",3,"PEMA",15,0.118
"sigma",13.563,3.744,6.568,13.237,21.147,1.39,19,"CAM-SC_noinfo_separate",3,"PEMA",15,12.183
"D",153.39,44.37,50.619,159.843,222.16,1.38,13,"CAM-SC_noinfo_separate",4,"PEMA",15,180.462
"lam0",1.527,0.553,0.774,1.422,2.871,1.15,43,"CAM-SC_noinfo_separate",4,"PEMA",15,1.114
"N",1363.635,394.45,450,1421,1975,1.38,13,"CAM-SC_noinfo_separate",4,"PEMA",15,1604.307
"psi",0.682,0.197,0.225,0.71,0.987,1.38,13,"CAM-SC_noinfo_separate",4,"PEMA",15,0.804
"sigma",6.246,1.296,4.049,6.141,9.265,1.41,33,"CAM-SC_noinfo_separate",4,"PEMA",15,6.139
"D",160.744,51.358,53.543,174.128,222.722,2.27,29,"CAM-SC_noinfo_separate",5,"PEMA",15,221.111
"lam0",0.984,0.321,0.486,0.945,1.77,1.19,44,"CAM-SC_noinfo_separate",5,"PEMA",15,0.829
"N",1429.018,456.57,476,1548,1980,2.27,29,"CAM-SC_noinfo_separate",5,"PEMA",15,1965.676
"psi",0.714,0.228,0.237,0.774,0.99,2.27,28,"CAM-SC_noinfo_separate",5,"PEMA",15,0.983
"sigma",8.755,1.994,5.383,8.472,13.324,1.19,29,"CAM-SC_noinfo_separate",5,"PEMA",15,8.177
"D",159.445,54.211,41.845,182.565,218.448,3.39,24,"CAM-SC_noinfo_separate",6,"PEMA",15,194.571
"lam0",1.411,0.429,0.71,1.359,2.435,1.46,73,"CAM-SC_noinfo_separate",6,"PEMA",15,1.367
"N",1417.467,481.939,372,1623,1942,3.39,24,"CAM-SC_noinfo_separate",6,"PEMA",15,1729.738
"psi",0.709,0.241,0.186,0.812,0.971,3.4,25,"CAM-SC_noinfo_separate",6,"PEMA",15,0.859
"sigma",5.247,1.377,3.44,4.9,9.04,1.64,62,"CAM-SC_noinfo_separate",6,"PEMA",15,4.86
"D",137.555,57.85,32.958,150.619,222.722,2.35,6,"CAM-SC_noinfo_separate",7,"PEMA",15,223.959
"lam0",1.195,0.434,0.595,1.103,2.235,1.23,40,"CAM-SC_noinfo_separate",7,"PEMA",15,1.063
"N",1222.864,514.289,293,1339,1980,2.35,6,"CAM-SC_noinfo_separate",7,"PEMA",15,1990.994
"psi",0.611,0.257,0.148,0.67,0.991,2.35,7,"CAM-SC_noinfo_separate",7,"PEMA",15,0.995
"sigma",7.94,1.691,5.509,7.67,11.691,1.65,31,"CAM-SC_noinfo_separate",7,"PEMA",15,7.641
"D",165.443,46.607,66.42,173.228,223.285,1.4,15,"CAM-SC_noinfo_separate",8,"PEMA",15,222.868
"lam0",0.808,0.301,0.342,0.759,1.57,1.45,46,"CAM-SC_noinfo_separate",8,"PEMA",15,0.655
"N",1470.784,414.334,590.475,1540,1985,1.4,15,"CAM-SC_noinfo_separate",8,"PEMA",15,1981.296
"psi",0.735,0.207,0.297,0.77,0.992,1.4,15,"CAM-SC_noinfo_separate",8,"PEMA",15,0.991
"sigma",9.844,2.046,6.225,9.601,14.744,1.25,27,"CAM-SC_noinfo_separate",8,"PEMA",15,8.887
"D",29.342,46.069,0.225,3.375,154.165,1.37,17,"CAM-SC_noinfo_separate",1,"PEMA",60,0.833
"lam0",1.579,0.944,0.494,1.284,3.777,3.94,70,"CAM-SC_noinfo_separate",1,"PEMA",60,0.765
"N",260.85,409.555,2,30,1370.525,1.37,17,"CAM-SC_noinfo_separate",1,"PEMA",60,7.404
"psi",0.131,0.205,0.001,0.016,0.685,1.37,18,"CAM-SC_noinfo_separate",1,"PEMA",60,0.003
"sigma",20.599,10.507,4.027,23.397,35.982,1.42,26,"CAM-SC_noinfo_separate",1,"PEMA",60,4.184
"D",135.261,52.007,46.119,144.544,215.973,1.98,16,"CAM-SC_noinfo_separate",2,"PEMA",60,150.609
"lam0",0.794,0.334,0.343,0.718,1.677,1.15,67,"CAM-SC_noinfo_separate",2,"PEMA",60,0.632
"N",1202.468,462.346,410,1285,1920,1.98,16,"CAM-SC_noinfo_separate",2,"PEMA",60,1338.913
"psi",0.601,0.231,0.205,0.642,0.961,1.98,17,"CAM-SC_noinfo_separate",2,"PEMA",60,0.671
"sigma",6.337,1.63,3.912,6.052,10.006,1.41,63,"CAM-SC_noinfo_separate",2,"PEMA",60,5.262
"D",81.964,53.266,15.861,68.223,221.035,3.05,13,"CAM-SC_noinfo_separate",3,"PEMA",60,48.023
"lam0",0.289,0.139,0.072,0.272,0.582,2.05,59,"CAM-SC_noinfo_separate",3,"PEMA",60,0.204
"N",728.662,473.538,141,606.5,1965,3.05,13,"CAM-SC_noinfo_separate",3,"PEMA",60,426.928
"psi",0.364,0.237,0.071,0.304,0.983,3.05,14,"CAM-SC_noinfo_separate",3,"PEMA",60,0.202
"sigma",17.491,4.835,10.529,16.508,29.694,1.25,38,"CAM-SC_noinfo_separate",3,"PEMA",60,16.463
"D",97.103,74.974,0.225,101.687,218.11,8.02,14,"CAM-SC_noinfo_separate",4,"PEMA",60,0.538
"lam0",0.506,0.592,0.096,0.237,2.254,3.63,40,"CAM-SC_noinfo_separate",4,"PEMA",60,0.217
"N",863.248,666.521,2,904,1939,8.02,14,"CAM-SC_noinfo_separate",4,"PEMA",60,4.783
"psi",0.432,0.333,0.001,0.452,0.97,8.03,15,"CAM-SC_noinfo_separate",4,"PEMA",60,0.002
"sigma",39.464,48.892,9.069,14.506,176.156,4.73,44,"CAM-SC_noinfo_separate",4,"PEMA",60,12.008
"D",71.997,61.603,0.225,76.49,188.639,3.77,17,"CAM-SC_noinfo_separate",5,"PEMA",60,0.906
"lam0",0.331,0.443,0.027,0.144,1.774,2.99,24,"CAM-SC_noinfo_separate",5,"PEMA",60,0.085
"N",640.051,547.649,2,680,1677,3.77,17,"CAM-SC_noinfo_separate",5,"PEMA",60,8.058
"psi",0.32,0.274,0.001,0.339,0.837,3.78,19,"CAM-SC_noinfo_separate",5,"PEMA",60,0.003
"sigma",58.026,53.303,12.48,30.124,186.682,2.76,22,"CAM-SC_noinfo_separate",5,"PEMA",60,18.32
"D",96.345,52.835,4.837,99.325,204.724,2.28,16,"CAM-SC_noinfo_separate",6,"PEMA",60,4.487
"lam0",0.775,0.278,0.384,0.727,1.489,1.15,94,"CAM-SC_noinfo_separate",6,"PEMA",60,0.577
"N",856.504,469.701,43,883,1820,2.28,16,"CAM-SC_noinfo_separate",6,"PEMA",60,39.89
"psi",0.428,0.235,0.022,0.441,0.909,2.28,16,"CAM-SC_noinfo_separate",6,"PEMA",60,0.021
"sigma",8.898,6.358,4.035,6.991,31.603,1.88,36,"CAM-SC_noinfo_separate",6,"PEMA",60,5.956
"D",97.471,58.038,23.51,81.777,217.885,3.53,27,"CAM-SC_noinfo_separate",7,"PEMA",60,46.666
"lam0",0.186,0.155,0.025,0.15,0.66,1.44,29,"CAM-SC_noinfo_separate",7,"PEMA",60,0.031
"N",866.513,515.955,209,727,1937,3.53,27,"CAM-SC_noinfo_separate",7,"PEMA",60,414.861
"psi",0.433,0.258,0.104,0.362,0.967,3.53,28,"CAM-SC_noinfo_separate",7,"PEMA",60,0.204
"sigma",19.652,6.134,10.276,18.954,32.692,1.17,22,"CAM-SC_noinfo_separate",7,"PEMA",60,18.974
"D",81.061,64.769,4.049,60.124,211.361,5.64,18,"CAM-SC_noinfo_separate",8,"PEMA",60,4.759
"lam0",0.379,0.207,0.113,0.332,0.955,1.14,43,"CAM-SC_noinfo_separate",8,"PEMA",60,0.255
"N",720.63,575.794,36,534.5,1879,5.64,18,"CAM-SC_noinfo_separate",8,"PEMA",60,42.309
"psi",0.361,0.288,0.018,0.268,0.938,5.63,20,"CAM-SC_noinfo_separate",8,"PEMA",60,0.022
"sigma",20.729,14.016,7.038,15.372,53.678,2.09,18,"CAM-SC_noinfo_separate",8,"PEMA",60,10.471
"D",55.194,51.153,0.337,41.057,179.078,2.62,8,"CAM-SC_noinfo_separate",1,"PEMA",1440,0.718
"lam0",0.147,0.192,0.015,0.082,0.736,1.61,47,"CAM-SC_noinfo_separate",1,"PEMA",1440,0.022
"N",490.672,454.751,3,365,1592,2.62,8,"CAM-SC_noinfo_separate",1,"PEMA",1440,6.382
"psi",0.246,0.227,0.002,0.183,0.795,2.61,9,"CAM-SC_noinfo_separate",1,"PEMA",1440,0.003
"sigma",27.623,19.205,7.576,21.235,79.101,2.11,28,"CAM-SC_noinfo_separate",1,"PEMA",1440,14.65
"D",90.807,58.028,6.637,92.013,186.389,2.38,18,"CAM-SC_noinfo_separate",2,"PEMA",1440,9.807
"lam0",0.026,0.046,0.001,0.011,0.196,1.33,39,"CAM-SC_noinfo_separate",2,"PEMA",1440,0.004
"N",807.273,515.865,59,818,1657,2.38,18,"CAM-SC_noinfo_separate",2,"PEMA",1440,87.183
"psi",0.404,0.258,0.029,0.409,0.828,2.38,18,"CAM-SC_noinfo_separate",2,"PEMA",1440,0.051
"sigma",56.119,41.163,10.779,42.486,173.123,2.42,29,"CAM-SC_noinfo_separate",2,"PEMA",1440,33.233
"D",90.014,79.889,1.237,57.312,217.323,4.07,10,"CAM-SC_noinfo_separate",3,"PEMA",1440,2.051
"lam0",0.053,0.058,0.008,0.033,0.237,1.5,28,"CAM-SC_noinfo_separate",3,"PEMA",1440,0.013
"N",800.227,710.215,11,509.5,1932,4.07,10,"CAM-SC_noinfo_separate",3,"PEMA",1440,18.231
"psi",0.4,0.355,0.006,0.256,0.966,4.08,10,"CAM-SC_noinfo_separate",3,"PEMA",1440,0.01
"sigma",46.334,35.989,11.381,31.737,145.186,1.9,26,"CAM-SC_noinfo_separate",3,"PEMA",1440,16.006
"D",82.809,65.658,2.362,80.54,224.184,5.15,15,"CAM-SC_noinfo_separate",4,"PEMA",1440,2.989
"lam0",0.027,0.036,0.001,0.014,0.141,2.1,30,"CAM-SC_noinfo_separate",4,"PEMA",1440,0.001
"N",736.174,583.702,21,716,1993,5.15,15,"CAM-SC_noinfo_separate",4,"PEMA",1440,26.575
"psi",0.368,0.292,0.011,0.356,0.996,5.15,15,"CAM-SC_noinfo_separate",4,"PEMA",1440,0.015
"sigma",77.57,50.571,16.857,70.974,188.646,1.13,32,"CAM-SC_noinfo_separate",4,"PEMA",1440,18.835
"D",47.967,42.172,2.587,31.046,141.845,1.79,11,"CAM-SC_noinfo_separate",5,"PEMA",1440,3.65
"lam0",0.052,0.041,0.006,0.042,0.169,1.35,41,"CAM-SC_noinfo_separate",5,"PEMA",1440,0.007
"N",426.423,374.912,23,276,1261,1.79,11,"CAM-SC_noinfo_separate",5,"PEMA",1440,32.45
"psi",0.213,0.187,0.011,0.139,0.631,1.79,11,"CAM-SC_noinfo_separate",5,"PEMA",1440,0.024
"sigma",57.004,44.336,11.867,40.803,181.448,2.06,29,"CAM-SC_noinfo_separate",5,"PEMA",1440,18.003
"D",33.254,35.145,0.787,19.235,118.507,2.2,25,"CAM-SC_noinfo_separate",6,"PEMA",1440,1.464
"lam0",0.054,0.077,0.001,0.034,0.226,1.92,44,"CAM-SC_noinfo_separate",6,"PEMA",1440,0.003
"N",295.628,312.436,7,171,1053.525,2.2,25,"CAM-SC_noinfo_separate",6,"PEMA",1440,13.013
"psi",0.148,0.156,0.003,0.086,0.525,2.2,26,"CAM-SC_noinfo_separate",6,"PEMA",1440,0.008
"sigma",88.969,51.761,16.098,79.789,191.543,1.41,40,"CAM-SC_noinfo_separate",6,"PEMA",1440,17.831
"D",56.827,71.787,0.562,15.298,218.448,3.94,23,"CAM-SC_noinfo_separate",7,"PEMA",1440,1.677
"lam0",0.065,0.084,0.002,0.032,0.294,1.26,21,"CAM-SC_noinfo_separate",7,"PEMA",1440,0.01
"N",505.192,638.185,5,136,1942,3.94,23,"CAM-SC_noinfo_separate",7,"PEMA",1440,14.905
"psi",0.253,0.319,0.003,0.069,0.972,3.95,23,"CAM-SC_noinfo_separate",7,"PEMA",1440,0.007
"sigma",73,48.983,14.092,59.446,186.557,1.66,49,"CAM-SC_noinfo_separate",7,"PEMA",1440,30.37
"D",75.041,78.846,1.125,29.809,212.711,12.18,13,"CAM-SC_noinfo_separate",8,"PEMA",1440,2.729
"lam0",0.041,0.051,0.001,0.028,0.176,1.64,35,"CAM-SC_noinfo_separate",8,"PEMA",1440,0.001
"N",667.113,700.942,10,265,1891,12.18,13,"CAM-SC_noinfo_separate",8,"PEMA",1440,24.261
"psi",0.334,0.35,0.005,0.132,0.945,12.2,14,"CAM-SC_noinfo_separate",8,"PEMA",1440,0.012
"sigma",92.625,53.196,19.102,86.341,191.822,1.32,53,"CAM-SC_noinfo_separate",8,"PEMA",1440,35.196
"D",165.589,37.894,81.215,169.854,222.385,1.32,21,"CAM-SC_info_separate",1,"PEMA",0,221.575
"lam0",9.069,2.691,5.304,8.577,16.252,1.21,46,"CAM-SC_info_separate",1,"PEMA",0,8.035
"N",1472.083,336.875,722,1510,1977,1.32,21,"CAM-SC_info_separate",1,"PEMA",0,1969.805
"psi",0.736,0.169,0.358,0.755,0.988,1.32,20,"CAM-SC_info_separate",1,"PEMA",0,0.972
"sigma",2.484,0.371,1.866,2.452,3.276,1.34,58,"CAM-SC_info_separate",1,"PEMA",0,2.395
"D",59.905,26.195,24.634,55.287,116.648,3.17,61,"CAM-SC_info_separate",2,"PEMA",0,36.334
"lam0",55.451,22.578,21.368,54.626,95.987,2.7,26,"CAM-SC_info_separate",2,"PEMA",0,24.579
"N",532.556,232.872,219,491.5,1037,3.17,61,"CAM-SC_info_separate",2,"PEMA",0,323.013
"psi",0.266,0.117,0.109,0.245,0.519,3.16,65,"CAM-SC_info_separate",2,"PEMA",0,0.158
"sigma",3.911,0.581,2.611,3.99,4.879,2.35,14,"CAM-SC_info_separate",2,"PEMA",0,4.028
"D",116.291,41.881,47.582,114.511,194.21,5.75,31,"CAM-SC_info_separate",3,"PEMA",0,104.7
"lam0",24.159,10.345,9.758,23.19,50.383,2.94,12,"CAM-SC_info_separate",3,"PEMA",0,16.975
"N",1033.824,372.321,423,1018,1726.525,5.75,31,"CAM-SC_info_separate",3,"PEMA",0,930.78
"psi",0.517,0.186,0.21,0.509,0.863,5.72,32,"CAM-SC_info_separate",3,"PEMA",0,0.482
"sigma",3.805,0.395,3.018,3.76,4.641,2.15,28,"CAM-SC_info_separate",3,"PEMA",0,3.67
"D",150.973,44.185,67.042,160.067,211.474,2.13,21,"CAM-SC_info_separate",4,"PEMA",0,196.637
"lam0",11.557,4.458,6.95,10.371,25.337,1.62,42,"CAM-SC_info_separate",4,"PEMA",0,8.779
"N",1342.149,392.802,596,1423,1880,2.13,21,"CAM-SC_info_separate",4,"PEMA",0,1748.101
"psi",0.671,0.196,0.298,0.711,0.94,2.13,21,"CAM-SC_info_separate",4,"PEMA",0,0.877
"sigma",3.351,0.516,2.482,3.286,4.537,1.97,27,"CAM-SC_info_separate",4,"PEMA",0,3.293
"D",75.34,52.664,18.335,49.831,178.178,5.38,55,"CAM-SC_info_separate",5,"PEMA",0,38.084
"lam0",46.915,19.386,17.199,52.977,82.231,4.44,24,"CAM-SC_info_separate",5,"PEMA",0,59.529
"N",669.775,468.187,163,443,1584,5.38,55,"CAM-SC_info_separate",5,"PEMA",0,338.567
"psi",0.335,0.234,0.082,0.221,0.792,5.38,58,"CAM-SC_info_separate",5,"PEMA",0,0.177
"sigma",4.525,0.928,2.956,4.659,6.042,5.61,16,"CAM-SC_info_separate",5,"PEMA",0,5.465
"D",166.088,36.115,91.001,174.128,219.123,2.29,27,"CAM-SC_info_separate",6,"PEMA",0,193.165
"lam0",10.218,2.65,5.947,9.912,16.199,1.32,39,"CAM-SC_info_separate",6,"PEMA",0,10.291
"N",1476.522,321.065,809,1548,1948,2.29,27,"CAM-SC_info_separate",6,"PEMA",0,1717.237
"psi",0.738,0.161,0.405,0.774,0.974,2.29,28,"CAM-SC_info_separate",6,"PEMA",0,0.874
"sigma",2.841,0.424,2.247,2.759,3.942,2.5,29,"CAM-SC_info_separate",6,"PEMA",0,2.505
"D",186.721,29.063,124.297,190.101,223.847,1.36,23,"CAM-SC_info_separate",7,"PEMA",0,223.045
"lam0",14.214,3.198,7.311,14.41,19.801,1.13,40,"CAM-SC_info_separate",7,"PEMA",0,15.913
"N",1659.947,258.368,1105,1690,1990,1.36,23,"CAM-SC_info_separate",7,"PEMA",0,1982.869
"psi",0.83,0.129,0.553,0.845,0.995,1.36,24,"CAM-SC_info_separate",7,"PEMA",0,0.99
"sigma",3.036,0.402,2.237,3.031,3.932,1.2,18,"CAM-SC_info_separate",7,"PEMA",0,3.042
"D",186.941,34.691,105.399,198.875,224.297,1.38,20,"CAM-SC_info_separate",8,"PEMA",0,223.798
"lam0",14.931,4.563,8.484,14.072,26.153,2.41,14,"CAM-SC_info_separate",8,"PEMA",0,13.479
"N",1661.907,308.399,937,1768,1994,1.38,20,"CAM-SC_info_separate",8,"PEMA",0,1989.563
"psi",0.831,0.154,0.467,0.884,0.997,1.38,21,"CAM-SC_info_separate",8,"PEMA",0,0.995
"sigma",4.036,0.52,3.187,3.99,5.046,1.64,18,"CAM-SC_info_separate",8,"PEMA",0,3.657
"D",186.23,32.818,102.137,195.951,223.96,1.57,19,"CAM-SC_info_separate",1,"PEMA",15,223.424
"lam0",3.847,1.523,1.989,3.484,7.802,1.26,91,"CAM-SC_info_separate",1,"PEMA",15,2.987
"N",1655.584,291.75,908,1742,1991,1.57,19,"CAM-SC_info_separate",1,"PEMA",15,1986.236
"psi",0.827,0.146,0.453,0.87,0.995,1.58,18,"CAM-SC_info_separate",1,"PEMA",15,0.993
"sigma",2.556,0.395,1.907,2.531,3.39,1.03,79,"CAM-SC_info_separate",1,"PEMA",15,2.609
"D",186.934,27.018,122.835,192.013,223.285,1.97,26,"CAM-SC_info_separate",2,"PEMA",15,216.868
"lam0",4.978,1.163,2.88,4.952,7.343,1.1,114,"CAM-SC_info_separate",2,"PEMA",15,5.002
"N",1661.843,240.194,1092,1707,1985,1.97,26,"CAM-SC_info_separate",2,"PEMA",15,1927.953
"psi",0.831,0.12,0.543,0.854,0.992,1.98,26,"CAM-SC_info_separate",2,"PEMA",15,0.961
"sigma",2.872,0.376,2.202,2.853,3.713,1.02,72,"CAM-SC_info_separate",2,"PEMA",15,2.908
"D",197.974,22.057,145.332,203.6,224.634,1.63,30,"CAM-SC_info_separate",3,"PEMA",15,224.606
"lam0",3.981,1.053,2.128,3.937,6.107,1.13,65,"CAM-SC_info_separate",3,"PEMA",15,4.256
"N",1759.992,196.084,1292,1810,1997,1.63,30,"CAM-SC_info_separate",3,"PEMA",15,1996.75
"psi",0.88,0.098,0.644,0.905,0.998,1.64,29,"CAM-SC_info_separate",3,"PEMA",15,0.997
"sigma",3.454,0.521,2.6,3.399,4.604,1.04,48,"CAM-SC_info_separate",3,"PEMA",15,3.201
"D",200.934,21.08,145.219,207.762,224.072,1.35,25,"CAM-SC_info_separate",4,"PEMA",15,218.391
"lam0",3.167,1.027,1.846,2.959,5.916,1.74,58,"CAM-SC_info_separate",4,"PEMA",15,2.516
"N",1786.3,187.402,1291,1847,1992,1.35,25,"CAM-SC_info_separate",4,"PEMA",15,1941.496
"psi",0.893,0.094,0.645,0.923,0.996,1.35,25,"CAM-SC_info_separate",4,"PEMA",15,0.971
"sigma",3.528,0.541,2.427,3.579,4.548,1.95,60,"CAM-SC_info_separate",4,"PEMA",15,3.845
"D",188.875,24.894,128.962,193.251,222.385,1.28,30,"CAM-SC_info_separate",5,"PEMA",15,212.292
"lam0",3.9,1.223,2.051,3.806,6.475,1.42,48,"CAM-SC_info_separate",5,"PEMA",15,3.77
"N",1679.1,221.309,1146.475,1718,1977,1.28,30,"CAM-SC_info_separate",5,"PEMA",15,1887.278
"psi",0.839,0.111,0.571,0.859,0.988,1.28,29,"CAM-SC_info_separate",5,"PEMA",15,0.967
"sigma",3.737,0.601,2.773,3.672,5.053,1.37,47,"CAM-SC_info_separate",5,"PEMA",15,3.215
"D",189.852,29.403,118.11,198.2,224.072,1.42,16,"CAM-SC_info_separate",6,"PEMA",15,221.755
"lam0",2.729,0.787,1.418,2.676,4.506,1.09,98,"CAM-SC_info_separate",6,"PEMA",15,2.314
"N",1687.787,261.395,1050,1762,1992,1.42,16,"CAM-SC_info_separate",6,"PEMA",15,1971.405
"psi",0.843,0.131,0.524,0.88,0.996,1.42,14,"CAM-SC_info_separate",6,"PEMA",15,0.988
"sigma",3.161,0.585,2.13,3.062,4.345,1.15,51,"CAM-SC_info_separate",6,"PEMA",15,2.903
"D",201.139,20.478,149.21,207.312,224.297,1.2,24,"CAM-SC_info_separate",7,"PEMA",15,224.227
"lam0",3.07,1.007,1.549,2.897,5.344,1.17,54,"CAM-SC_info_separate",7,"PEMA",15,2.73
"N",1788.126,182.049,1326.475,1843,1994,1.2,24,"CAM-SC_info_separate",7,"PEMA",15,1993.378
"psi",0.894,0.091,0.661,0.921,0.997,1.2,27,"CAM-SC_info_separate",7,"PEMA",15,0.997
"sigma",3.692,0.617,2.595,3.642,5.039,1.12,40,"CAM-SC_info_separate",7,"PEMA",15,3.741
"D",202.295,21.035,144.935,208.886,224.409,1.03,26,"CAM-SC_info_separate",8,"PEMA",15,224.369
"lam0",3.325,0.95,1.994,3.183,5.454,1.07,71,"CAM-SC_info_separate",8,"PEMA",15,2.96
"N",1798.403,187.005,1288.475,1857,1995,1.03,26,"CAM-SC_info_separate",8,"PEMA",15,1994.636
"psi",0.899,0.094,0.644,0.928,0.997,1.03,24,"CAM-SC_info_separate",8,"PEMA",15,0.997
"sigma",4.026,0.529,2.945,4.021,5.088,1.09,56,"CAM-SC_info_separate",8,"PEMA",15,3.936
"D",200.091,22.297,146.569,206.299,224.409,1.87,34,"CAM-SC_info_separate",1,"PEMA",60,223.855
"lam0",1.957,0.595,1.058,1.867,3.398,1.09,165,"CAM-SC_info_separate",1,"PEMA",60,1.701
"N",1778.812,198.224,1303,1834,1995,1.87,34,"CAM-SC_info_separate",1,"PEMA",60,1990.068
"psi",0.889,0.099,0.652,0.917,0.997,1.87,33,"CAM-SC_info_separate",1,"PEMA",60,0.993
"sigma",2.673,0.414,1.934,2.658,3.54,1.13,159,"CAM-SC_info_separate",1,"PEMA",60,2.642
"D",210.222,12.849,179.303,214.398,224.747,1.09,42,"CAM-SC_info_separate",2,"PEMA",60,224.695
"lam0",1.776,0.511,0.935,1.71,2.902,1.04,165,"CAM-SC_info_separate",2,"PEMA",60,1.558
"N",1868.869,114.23,1594,1906,1998,1.09,42,"CAM-SC_info_separate",2,"PEMA",60,1997.542
"psi",0.934,0.057,0.797,0.953,0.999,1.09,41,"CAM-SC_info_separate",2,"PEMA",60,0.999
"sigma",3.019,0.451,2.206,2.985,4.029,1.05,125,"CAM-SC_info_separate",2,"PEMA",60,2.985
"D",199.986,18.71,155.568,204.612,223.285,1.34,44,"CAM-SC_info_separate",3,"PEMA",60,220.53
"lam0",1.748,0.591,0.794,1.679,3.063,1.08,64,"CAM-SC_info_separate",3,"PEMA",60,1.577
"N",1777.879,166.336,1383,1819,1985,1.34,44,"CAM-SC_info_separate",3,"PEMA",60,1960.509
"psi",0.889,0.083,0.691,0.909,0.992,1.34,42,"CAM-SC_info_separate",3,"PEMA",60,0.982
"sigma",3.71,0.671,2.584,3.634,5.287,1.02,60,"CAM-SC_info_separate",3,"PEMA",60,3.498
"D",203.519,17.482,155.734,207.087,224.297,1.08,29,"CAM-SC_info_separate",4,"PEMA",60,224.069
"lam0",1.44,0.438,0.732,1.393,2.481,1.02,102,"CAM-SC_info_separate",4,"PEMA",60,1.327
"N",1809.283,155.413,1384.475,1841,1994,1.08,29,"CAM-SC_info_separate",4,"PEMA",60,1991.976
"psi",0.904,0.078,0.692,0.92,0.996,1.08,31,"CAM-SC_info_separate",4,"PEMA",60,0.996
"sigma",3.849,0.595,2.887,3.781,5.178,1.02,91,"CAM-SC_info_separate",4,"PEMA",60,3.521
"D",204.28,18.866,155.456,210.686,224.072,1.22,36,"CAM-SC_info_separate",5,"PEMA",60,218.434
"lam0",1.702,0.498,0.908,1.622,2.902,1.02,95,"CAM-SC_info_separate",5,"PEMA",60,1.544
"N",1816.045,167.716,1382,1873,1992,1.22,36,"CAM-SC_info_separate",5,"PEMA",60,1941.883
"psi",0.908,0.084,0.689,0.937,0.996,1.22,35,"CAM-SC_info_separate",5,"PEMA",60,0.99
"sigma",3.709,0.6,2.621,3.673,4.996,1.02,81,"CAM-SC_info_separate",5,"PEMA",60,3.623
"D",198.324,22.598,146.907,205.849,224.184,1.63,25,"CAM-SC_info_separate",6,"PEMA",60,222.115
"lam0",1.491,0.404,0.828,1.447,2.36,1.05,147,"CAM-SC_info_separate",6,"PEMA",60,1.334
"N",1763.099,200.898,1306,1830,1993,1.63,25,"CAM-SC_info_separate",6,"PEMA",60,1974.599
"psi",0.881,0.101,0.652,0.915,0.996,1.64,24,"CAM-SC_info_separate",6,"PEMA",60,0.987
"sigma",3.291,0.465,2.473,3.25,4.302,1.13,110,"CAM-SC_info_separate",6,"PEMA",60,3.104
"D",196.123,22.452,141.282,201.012,223.96,2.24,32,"CAM-SC_info_separate",7,"PEMA",60,222.979
"lam0",1.258,0.396,0.656,1.186,2.183,1.07,89,"CAM-SC_info_separate",7,"PEMA",60,1.073
"N",1743.533,199.599,1256,1787,1991,2.24,32,"CAM-SC_info_separate",7,"PEMA",60,1982.281
"psi",0.871,0.1,0.625,0.893,0.995,2.24,32,"CAM-SC_info_separate",7,"PEMA",60,0.988
"sigma",3.953,0.618,2.913,3.905,5.383,1.01,83,"CAM-SC_info_separate",7,"PEMA",60,3.799
"D",191.995,20.839,147.807,195.613,221.597,1.08,34,"CAM-SC_info_separate",8,"PEMA",60,203.872
"lam0",1.929,0.598,1.029,1.823,3.305,1.2,85,"CAM-SC_info_separate",8,"PEMA",60,1.628
"N",1706.834,185.262,1314,1739,1970,1.08,34,"CAM-SC_info_separate",8,"PEMA",60,1812.426
"psi",0.853,0.093,0.656,0.869,0.985,1.08,34,"CAM-SC_info_separate",8,"PEMA",60,0.904
"sigma",3.583,0.558,2.585,3.562,4.711,1.28,76,"CAM-SC_info_separate",8,"PEMA",60,3.481
"D",206.205,14.937,173.566,208.999,224.522,1.14,40,"CAM-SC_info_separate",1,"PEMA",1440,224.428
"lam0",0.672,0.234,0.338,0.633,1.262,1.01,300,"CAM-SC_info_separate",1,"PEMA",1440,0.562
"N",1833.164,132.786,1543,1858,1996,1.14,40,"CAM-SC_info_separate",1,"PEMA",1440,1995.165
"psi",0.916,0.066,0.773,0.928,0.998,1.14,38,"CAM-SC_info_separate",1,"PEMA",1440,0.997
"sigma",2.965,0.465,2.103,2.949,3.927,1.01,316,"CAM-SC_info_separate",1,"PEMA",1440,2.78
"D",198.425,26.29,126.547,207.087,224.072,1.58,14,"CAM-SC_info_separate",2,"PEMA",1440,221.398
"lam0",0.662,0.219,0.338,0.63,1.167,1.01,250,"CAM-SC_info_separate",2,"PEMA",1440,0.57
"N",1763.995,233.72,1125,1841,1992,1.58,14,"CAM-SC_info_separate",2,"PEMA",1440,1968.224
"psi",0.882,0.117,0.562,0.92,0.996,1.59,14,"CAM-SC_info_separate",2,"PEMA",1440,0.982
"sigma",3.248,0.528,2.303,3.225,4.372,1.03,242,"CAM-SC_info_separate",2,"PEMA",1440,3.018
"D",196.741,24.041,142.011,204.162,224.072,1.2,21,"CAM-SC_info_separate",3,"PEMA",1440,223.727
"lam0",0.644,0.211,0.324,0.62,1.113,1,170,"CAM-SC_info_separate",3,"PEMA",1440,0.577
"N",1749.024,213.727,1262.475,1815,1992,1.2,21,"CAM-SC_info_separate",3,"PEMA",1440,1988.934
"psi",0.874,0.107,0.63,0.908,0.996,1.2,20,"CAM-SC_info_separate",3,"PEMA",1440,0.992
"sigma",3.716,0.608,2.668,3.666,4.997,1.02,156,"CAM-SC_info_separate",3,"PEMA",1440,3.683
"D",197.742,20.043,152.306,202.362,223.51,1.8,28,"CAM-SC_info_separate",4,"PEMA",1440,215.812
"lam0",0.594,0.195,0.299,0.563,1.055,1.05,168,"CAM-SC_info_separate",4,"PEMA",1440,0.489
"N",1757.923,178.185,1354,1799,1987,1.8,28,"CAM-SC_info_separate",4,"PEMA",1440,1918.565
"psi",0.879,0.089,0.676,0.899,0.994,1.81,29,"CAM-SC_info_separate",4,"PEMA",1440,0.966
"sigma",3.778,0.616,2.65,3.741,5.086,1.04,148,"CAM-SC_info_separate",4,"PEMA",1440,3.768
"D",194.506,20.33,148.256,197.863,222.947,1.17,29,"CAM-SC_info_separate",5,"PEMA",1440,210.299
"lam0",0.673,0.187,0.383,0.645,1.107,1.01,242,"CAM-SC_info_separate",5,"PEMA",1440,0.591
"N",1729.162,180.733,1318,1759,1982,1.17,29,"CAM-SC_info_separate",5,"PEMA",1440,1869.56
"psi",0.864,0.091,0.658,0.879,0.991,1.17,28,"CAM-SC_info_separate",5,"PEMA",1440,0.936
"sigma",3.671,0.503,2.797,3.644,4.722,1.01,231,"CAM-SC_info_separate",5,"PEMA",1440,3.68
"D",195.33,23.023,134.196,200.056,223.847,1.36,22,"CAM-SC_info_separate",6,"PEMA",1440,218.874
"lam0",0.584,0.173,0.319,0.557,0.987,1,249,"CAM-SC_info_separate",6,"PEMA",1440,0.522
"N",1736.482,204.67,1193,1778.5,1990,1.36,22,"CAM-SC_info_separate",6,"PEMA",1440,1945.788
"psi",0.868,0.102,0.594,0.889,0.995,1.37,23,"CAM-SC_info_separate",6,"PEMA",1440,0.973
"sigma",3.52,0.511,2.596,3.49,4.602,1.06,224,"CAM-SC_info_separate",6,"PEMA",1440,3.603
"D",201.996,20.266,147.582,208.549,224.072,1.32,34,"CAM-SC_info_separate",7,"PEMA",1440,217.101
"lam0",0.538,0.168,0.277,0.514,0.92,1.1,207,"CAM-SC_info_separate",7,"PEMA",1440,0.478
"N",1795.748,180.162,1312,1854,1992,1.32,34,"CAM-SC_info_separate",7,"PEMA",1440,1930.027
"psi",0.897,0.09,0.656,0.927,0.996,1.32,34,"CAM-SC_info_separate",7,"PEMA",1440,0.987
"sigma",3.697,0.564,2.722,3.662,4.897,1.03,197,"CAM-SC_info_separate",7,"PEMA",1440,3.524
"D",202.332,18.75,152.531,206.074,224.522,1.2,32,"CAM-SC_info_separate",8,"PEMA",1440,224.613
"lam0",0.592,0.189,0.299,0.563,1.024,1.05,179,"CAM-SC_info_separate",8,"PEMA",1440,0.504
"N",1798.727,166.689,1356,1832,1996,1.2,32,"CAM-SC_info_separate",8,"PEMA",1440,1996.813
"psi",0.899,0.083,0.675,0.915,0.998,1.2,31,"CAM-SC_info_separate",8,"PEMA",1440,0.996
"sigma",3.796,0.597,2.759,3.759,5.084,1.1,180,"CAM-SC_info_separate",8,"PEMA",1440,3.714
"D",5.381,2.092,2.726,4.743,10.633,2.53,51,"CAM-SC_noinfo_separate",1,"TATO",0,3.844
"lam0",5.598,1.039,3.787,5.605,7.618,2.14,47,"CAM-SC_noinfo_separate",1,"TATO",0,6.169
"N",591.097,229.838,299.475,521,1168,2.53,51,"CAM-SC_noinfo_separate",1,"TATO",0,422.258
"psi",0.296,0.115,0.148,0.261,0.583,2.51,53,"CAM-SC_noinfo_separate",1,"TATO",0,0.232
"sigma",16.34,1.823,12,16.782,18.912,2.66,28,"CAM-SC_noinfo_separate",1,"TATO",0,17.12
"D",11.864,3.138,6.573,11.379,17.915,3.34,29,"CAM-SC_noinfo_separate",2,"TATO",0,10.506
"lam0",3.058,0.526,2.075,3.026,4.315,1.48,82,"CAM-SC_noinfo_separate",2,"TATO",0,3.092
"N",1303.242,344.703,722,1250,1968,3.34,29,"CAM-SC_noinfo_separate",2,"TATO",0,1154.131
"psi",0.651,0.172,0.359,0.625,0.984,3.35,31,"CAM-SC_noinfo_separate",2,"TATO",0,0.55
"sigma",16.881,1.616,13.614,16.856,19.926,1.68,46,"CAM-SC_noinfo_separate",2,"TATO",0,17.29
"D",12.174,3.162,6.536,12.162,17.633,1.43,17,"CAM-SC_noinfo_separate",3,"TATO",0,14.781
"lam0",3.925,0.626,2.79,3.877,5.27,1.15,74,"CAM-SC_noinfo_separate",3,"TATO",0,3.883
"N",1337.323,347.299,718,1336,1937,1.43,17,"CAM-SC_noinfo_separate",3,"TATO",0,1623.673
"psi",0.668,0.174,0.358,0.668,0.969,1.43,18,"CAM-SC_noinfo_separate",3,"TATO",0,0.817
"sigma",14.203,1.623,11.169,14.286,16.938,1.19,31,"CAM-SC_noinfo_separate",3,"TATO",0,15.325
"D",9.068,4.266,3.618,7.765,17.843,3.33,44,"CAM-SC_noinfo_separate",4,"TATO",0,4.831
"lam0",4.307,0.718,3.013,4.267,5.799,1.04,93,"CAM-SC_noinfo_separate",4,"TATO",0,4.261
"N",996.17,468.674,397.475,853,1960,3.33,44,"CAM-SC_noinfo_separate",4,"TATO",0,530.642
"psi",0.498,0.234,0.197,0.427,0.98,3.32,48,"CAM-SC_noinfo_separate",4,"TATO",0,0.323
"sigma",14.447,3.073,8.751,14.961,19.29,3.23,39,"CAM-SC_noinfo_separate",4,"TATO",0,16.893
"D",11.844,4.349,5.18,12.909,17.915,3.84,34,"CAM-SC_noinfo_separate",5,"TATO",0,6.521
"lam0",6.725,1.579,4.244,6.534,9.917,2.87,29,"CAM-SC_noinfo_separate",5,"TATO",0,5.383
"N",1301.024,477.728,569,1418,1968,3.84,34,"CAM-SC_noinfo_separate",5,"TATO",0,716.348
"psi",0.65,0.239,0.282,0.709,0.984,3.84,35,"CAM-SC_noinfo_separate",5,"TATO",0,0.364
"sigma",15.133,1.871,12.209,14.806,18.375,3.56,40,"CAM-SC_noinfo_separate",5,"TATO",0,13.968
"D",13.786,3.008,7.86,14.529,17.961,1.96,22,"CAM-SC_noinfo_separate",6,"TATO",0,15.734
"lam0",5.252,1.026,3.521,5.084,7.424,1.15,77,"CAM-SC_noinfo_separate",6,"TATO",0,4.726
"N",1514.357,330.463,863.475,1596,1973,1.96,22,"CAM-SC_noinfo_separate",6,"TATO",0,1728.384
"psi",0.757,0.165,0.431,0.799,0.985,1.96,22,"CAM-SC_noinfo_separate",6,"TATO",0,0.848
"sigma",9.47,1.494,7.473,9.118,13.186,1.77,31,"CAM-SC_noinfo_separate",6,"TATO",0,8.322
"D",13.757,2.606,9.158,13.637,18.015,1.08,20,"CAM-SC_noinfo_separate",7,"TATO",0,18.011
"lam0",6.167,0.909,4.71,6.009,8.25,1.18,33,"CAM-SC_noinfo_separate",7,"TATO",0,5.853
"N",1511.214,286.264,1006,1498,1979,1.08,20,"CAM-SC_noinfo_separate",7,"TATO",0,1978.493
"psi",0.755,0.143,0.502,0.749,0.989,1.07,21,"CAM-SC_noinfo_separate",7,"TATO",0,0.989
"sigma",17.096,1.338,14.294,17.228,19.575,1.05,28,"CAM-SC_noinfo_separate",7,"TATO",0,17.401
"D",12.738,2.62,7.583,13.027,17.06,1.04,21,"CAM-SC_noinfo_separate",8,"TATO",0,14.233
"lam0",4.007,0.627,2.932,3.963,5.354,1.16,46,"CAM-SC_noinfo_separate",8,"TATO",0,3.832
"N",1399.235,287.838,833,1431,1874,1.04,21,"CAM-SC_noinfo_separate",8,"TATO",0,1563.443
"psi",0.699,0.144,0.415,0.715,0.937,1.04,20,"CAM-SC_noinfo_separate",8,"TATO",0,0.784
"sigma",18.224,1.427,15.595,18.105,21.233,1.13,39,"CAM-SC_noinfo_separate",8,"TATO",0,18.06
"D",8.113,3.609,2.576,7.811,16.746,1.05,17,"CAM-SC_noinfo_separate",1,"TATO",15,10.059
"lam0",0.51,0.157,0.258,0.492,0.878,1.18,89,"CAM-SC_noinfo_separate",1,"TATO",15,0.464
"N",891.229,396.428,283,858,1839.525,1.05,17,"CAM-SC_noinfo_separate",1,"TATO",15,1104.944
"psi",0.446,0.198,0.142,0.428,0.92,1.05,19,"CAM-SC_noinfo_separate",1,"TATO",15,0.565
"sigma",24.158,4.066,17.134,23.884,33.458,1.11,75,"CAM-SC_noinfo_separate",1,"TATO",15,24.062
"D",14.065,2.515,8.766,14.301,17.906,1.13,18,"CAM-SC_noinfo_separate",2,"TATO",15,14.207
"lam0",0.566,0.13,0.335,0.557,0.837,1.03,83,"CAM-SC_noinfo_separate",2,"TATO",15,0.574
"N",1545.038,276.271,963,1571,1967,1.13,18,"CAM-SC_noinfo_separate",2,"TATO",15,1560.589
"psi",0.772,0.138,0.481,0.785,0.983,1.13,18,"CAM-SC_noinfo_separate",2,"TATO",15,0.771
"sigma",22.885,2.908,17.964,22.817,29.15,1.05,57,"CAM-SC_noinfo_separate",2,"TATO",15,22.848
"D",13.093,3.012,6.527,13.209,18.107,1.17,20,"CAM-SC_noinfo_separate",3,"TATO",15,18.17
"lam0",0.575,0.138,0.361,0.553,0.889,1.03,114,"CAM-SC_noinfo_separate",3,"TATO",15,0.527
"N",1438.226,330.834,717,1451,1989,1.17,20,"CAM-SC_noinfo_separate",3,"TATO",15,1995.96
"psi",0.719,0.165,0.356,0.725,0.994,1.17,21,"CAM-SC_noinfo_separate",3,"TATO",15,0.998
"sigma",19.381,2.331,15.044,19.089,24.446,1.09,100,"CAM-SC_noinfo_separate",3,"TATO",15,18.363
"D",2.712,2.251,0.373,2.121,9.618,1.92,27,"CAM-SC_noinfo_separate",4,"TATO",15,1.732
"lam0",0.729,0.357,0.305,0.635,1.683,2.02,58,"CAM-SC_noinfo_separate",4,"TATO",15,0.52
"N",297.891,247.305,41,233,1056.525,1.92,27,"CAM-SC_noinfo_separate",4,"TATO",15,190.307
"psi",0.149,0.124,0.021,0.117,0.527,1.92,25,"CAM-SC_noinfo_separate",4,"TATO",15,0.096
"sigma",38.4,10.082,21.083,36.991,62.213,1.9,44,"CAM-SC_noinfo_separate",4,"TATO",15,34.627
"D",16.187,1.854,10.61,16.641,18.116,1.73,31,"CAM-SC_noinfo_separate",5,"TATO",15,17.811
"lam0",0.743,0.164,0.461,0.724,1.086,1.11,65,"CAM-SC_noinfo_separate",5,"TATO",15,0.673
"N",1778.107,203.629,1165.475,1828,1990,1.73,31,"CAM-SC_noinfo_separate",5,"TATO",15,1956.573
"psi",0.889,0.102,0.582,0.915,0.994,1.73,31,"CAM-SC_noinfo_separate",5,"TATO",15,0.976
"sigma",21.841,2.506,17.371,21.712,27.483,1.09,58,"CAM-SC_noinfo_separate",5,"TATO",15,21.542
"D",4.464,2.645,0.3,4.042,10.105,1.65,21,"CAM-SC_noinfo_separate",6,"TATO",15,0.329
"lam0",0.526,0.212,0.15,0.509,0.962,1.41,79,"CAM-SC_noinfo_separate",6,"TATO",15,0.517
"N",490.424,290.576,33,444,1110,1.65,21,"CAM-SC_noinfo_separate",6,"TATO",15,36.13
"psi",0.246,0.145,0.016,0.222,0.556,1.65,24,"CAM-SC_noinfo_separate",6,"TATO",15,0.203
"sigma",35.237,19.478,18.077,27.539,93.168,1.76,22,"CAM-SC_noinfo_separate",6,"TATO",15,22.178
"D",14.612,2.547,9.422,15.303,18.079,1.05,18,"CAM-SC_noinfo_separate",7,"TATO",15,18.125
"lam0",1.092,0.224,0.743,1.067,1.623,1.29,55,"CAM-SC_noinfo_separate",7,"TATO",15,0.98
"N",1605.156,279.752,1035,1681,1986,1.05,18,"CAM-SC_noinfo_separate",7,"TATO",15,1991.042
"psi",0.802,0.14,0.518,0.84,0.993,1.05,18,"CAM-SC_noinfo_separate",7,"TATO",15,0.995
"sigma",21.18,2.028,17.542,21.118,25.256,1.21,84,"CAM-SC_noinfo_separate",7,"TATO",15,20.776
"D",12.621,2.479,7.774,12.59,17.369,1.11,32,"CAM-SC_noinfo_separate",8,"TATO",15,10.879
"lam0",0.4,0.124,0.203,0.387,0.664,1.16,39,"CAM-SC_noinfo_separate",8,"TATO",15,0.302
"N",1386.396,272.286,854,1383,1908,1.11,32,"CAM-SC_noinfo_separate",8,"TATO",15,1195.045
"psi",0.693,0.136,0.428,0.692,0.953,1.11,31,"CAM-SC_noinfo_separate",8,"TATO",15,0.609
"sigma",32.148,4.943,24.106,31.474,43.315,1.22,32,"CAM-SC_noinfo_separate",8,"TATO",15,30.496
"D",7.816,4.549,1.62,6.345,17.078,2.45,20,"CAM-SC_noinfo_separate",1,"TATO",60,4.172
"lam0",0.251,0.119,0.071,0.234,0.571,1.12,61,"CAM-SC_noinfo_separate",1,"TATO",60,0.236
"N",858.535,499.687,178,697,1876,2.45,20,"CAM-SC_noinfo_separate",1,"TATO",60,458.254
"psi",0.43,0.25,0.088,0.349,0.938,2.45,20,"CAM-SC_noinfo_separate",1,"TATO",60,0.22
"sigma",33.693,8.844,20.736,32.38,53.981,1.84,44,"CAM-SC_noinfo_separate",1,"TATO",60,31.737
"D",8.934,5.105,1.42,8.448,17.406,3.81,10,"CAM-SC_noinfo_separate",2,"TATO",60,5.033
"lam0",0.116,0.063,0.033,0.102,0.267,1.17,24,"CAM-SC_noinfo_separate",2,"TATO",60,0.068
"N",981.393,560.767,156,928,1912,3.81,10,"CAM-SC_noinfo_separate",2,"TATO",60,552.902
"psi",0.491,0.28,0.078,0.466,0.956,3.82,11,"CAM-SC_noinfo_separate",2,"TATO",60,0.278
"sigma",68.948,38.655,26.868,54.517,179.521,2.63,12,"CAM-SC_noinfo_separate",2,"TATO",60,36.025
"D",12.289,3.315,6.09,12.699,17.123,2.21,18,"CAM-SC_noinfo_separate",3,"TATO",60,15.233
"lam0",0.319,0.11,0.141,0.312,0.547,1.09,59,"CAM-SC_noinfo_separate",3,"TATO",60,0.291
"N",1349.969,364.155,669,1395,1881,2.21,18,"CAM-SC_noinfo_separate",3,"TATO",60,1673.315
"psi",0.675,0.182,0.335,0.697,0.94,2.21,19,"CAM-SC_noinfo_separate",3,"TATO",60,0.831
"sigma",24.051,5.969,16.233,22.358,38.495,1.65,43,"CAM-SC_noinfo_separate",3,"TATO",60,20.758
"D",3.408,2.965,0.31,2.321,10.287,1.18,14,"CAM-SC_noinfo_separate",4,"TATO",60,0.436
"lam0",0.423,0.262,0.152,0.333,1.141,1.02,54,"CAM-SC_noinfo_separate",4,"TATO",60,0.271
"N",374.326,325.739,34,255,1130,1.18,14,"CAM-SC_noinfo_separate",4,"TATO",60,47.88
"psi",0.188,0.163,0.017,0.128,0.567,1.18,14,"CAM-SC_noinfo_separate",4,"TATO",60,0.022
"sigma",43.402,13.581,23.187,42.064,73.009,1.03,40,"CAM-SC_noinfo_separate",4,"TATO",60,27.605
"D",14.755,2.822,7.929,15.448,18.107,1.98,18,"CAM-SC_noinfo_separate",5,"TATO",60,18.024
"lam0",0.289,0.126,0.106,0.273,0.548,2.24,28,"CAM-SC_noinfo_separate",5,"TATO",60,0.156
"N",1620.83,310.008,871,1697,1989,1.98,18,"CAM-SC_noinfo_separate",5,"TATO",60,1979.966
"psi",0.81,0.155,0.434,0.848,0.994,1.99,18,"CAM-SC_noinfo_separate",5,"TATO",60,0.99
"sigma",31.308,6.703,21.509,30.121,45.929,1.62,26,"CAM-SC_noinfo_separate",5,"TATO",60,27.344
"D",4.368,4.458,0.036,2.594,13.655,2.89,16,"CAM-SC_noinfo_separate",6,"TATO",60,0.081
"lam0",0.419,0.401,0.086,0.248,1.552,1.88,32,"CAM-SC_noinfo_separate",6,"TATO",60,0.194
"N",479.849,489.665,4,285,1500,2.89,16,"CAM-SC_noinfo_separate",6,"TATO",60,8.863
"psi",0.24,0.245,0.002,0.144,0.75,2.88,16,"CAM-SC_noinfo_separate",6,"TATO",60,0.005
"sigma",70.665,49.559,17.482,49.898,169.227,2.8,17,"CAM-SC_noinfo_separate",6,"TATO",60,22.196
"D",12.182,3.818,3.514,12.663,17.797,1.41,14,"CAM-SC_noinfo_separate",7,"TATO",60,12.911
"lam0",0.035,0.023,0.008,0.029,0.098,2.36,19,"CAM-SC_noinfo_separate",7,"TATO",60,0.017
"N",1338.16,419.429,386,1391,1955,1.41,14,"CAM-SC_noinfo_separate",7,"TATO",60,1418.285
"psi",0.669,0.21,0.192,0.696,0.977,1.41,15,"CAM-SC_noinfo_separate",7,"TATO",60,0.715
"sigma",103.539,33.485,46.829,102.905,182.431,1.76,16,"CAM-SC_noinfo_separate",7,"TATO",60,111.321
"D",10.775,3.852,4.078,11.215,17.315,1.22,11,"CAM-SC_noinfo_separate",8,"TATO",60,13.542
"lam0",0.154,0.067,0.063,0.137,0.316,1.37,32,"CAM-SC_noinfo_separate",8,"TATO",60,0.096
"N",1183.609,423.128,448,1232,1902,1.22,11,"CAM-SC_noinfo_separate",8,"TATO",60,1487.565
"psi",0.592,0.211,0.223,0.616,0.95,1.22,11,"CAM-SC_noinfo_separate",8,"TATO",60,0.75
"sigma",47.222,9.042,32.699,45.761,67.571,1.09,33,"CAM-SC_noinfo_separate",8,"TATO",60,44.511
"D",9.432,5.546,0.847,9.932,17.588,3.23,12,"CAM-SC_noinfo_separate",1,"TATO",1440,3.668
"lam0",0.033,0.025,0.004,0.026,0.093,1.8,46,"CAM-SC_noinfo_separate",1,"TATO",1440,0.009
"N",1036.123,609.282,93,1091,1932,3.23,12,"CAM-SC_noinfo_separate",1,"TATO",1440,402.922
"psi",0.518,0.304,0.047,0.546,0.966,3.24,12,"CAM-SC_noinfo_separate",1,"TATO",1440,0.202
"sigma",81.046,44.943,27.405,65.928,182.32,1.69,30,"CAM-SC_noinfo_separate",1,"TATO",1440,43.84
"D",13.293,3.686,5.781,13.928,17.952,1.27,10,"CAM-SC_noinfo_separate",2,"TATO",1440,17.326
"lam0",0.018,0.015,0.002,0.015,0.057,2.14,31,"CAM-SC_noinfo_separate",2,"TATO",1440,0.003
"N",1460.266,404.927,635,1530,1972,1.27,10,"CAM-SC_noinfo_separate",2,"TATO",1440,1903.252
"psi",0.73,0.202,0.316,0.765,0.987,1.27,10,"CAM-SC_noinfo_separate",2,"TATO",1440,0.952
"sigma",92.922,44.49,37.13,79.29,193.7,2.28,17,"CAM-SC_noinfo_separate",2,"TATO",1440,59.578
"D",9.894,5.352,0.938,11.061,17.579,2.85,12,"CAM-SC_noinfo_separate",3,"TATO",1440,14.187
"lam0",0.019,0.017,0.002,0.013,0.061,1.87,28,"CAM-SC_noinfo_separate",3,"TATO",1440,0.01
"N",1086.88,587.909,103,1215,1931,2.85,12,"CAM-SC_noinfo_separate",3,"TATO",1440,1558.483
"psi",0.544,0.294,0.05,0.607,0.965,2.86,12,"CAM-SC_noinfo_separate",3,"TATO",1440,0.78
"sigma",108.196,40.991,50.614,98.37,194.228,1.57,36,"CAM-SC_noinfo_separate",3,"TATO",1440,71.237
"D",4.068,4.322,0.036,2.294,13.273,2.05,15,"CAM-SC_noinfo_separate",4,"TATO",1440,0.067
"lam0",0.183,0.227,0.019,0.09,0.904,2.87,36,"CAM-SC_noinfo_separate",4,"TATO",1440,0.053
"N",446.832,474.727,4,252,1458,2.05,15,"CAM-SC_noinfo_separate",4,"TATO",1440,7.37
"psi",0.224,0.237,0.002,0.126,0.727,2.06,16,"CAM-SC_noinfo_separate",4,"TATO",1440,0.005
"sigma",76.217,38.947,29.821,64.643,174.013,3.18,33,"CAM-SC_noinfo_separate",4,"TATO",1440,54.063
"D",8.496,5.756,0.692,8.289,17.788,2.39,22,"CAM-SC_noinfo_separate",5,"TATO",1440,0.892
"lam0",0.03,0.028,0.004,0.02,0.107,2.2,35,"CAM-SC_noinfo_separate",5,"TATO",1440,0.011
"N",933.326,632.312,76,910.5,1954,2.39,22,"CAM-SC_noinfo_separate",5,"TATO",1440,98.015
"psi",0.467,0.316,0.038,0.454,0.977,2.39,24,"CAM-SC_noinfo_separate",5,"TATO",1440,0.061
"sigma",123.951,40.774,61.141,118.059,195.984,1.51,23,"CAM-SC_noinfo_separate",5,"TATO",1440,97.17
"D",4.649,5.332,0.082,2.303,17.333,5.31,19,"CAM-SC_noinfo_separate",6,"TATO",1440,0.14
"lam0",0.147,0.154,0.017,0.088,0.579,3.4,70,"CAM-SC_noinfo_separate",6,"TATO",1440,0.049
"N",510.725,585.678,9,253,1904,5.31,19,"CAM-SC_noinfo_separate",6,"TATO",1440,15.357
"psi",0.256,0.293,0.005,0.127,0.952,5.32,20,"CAM-SC_noinfo_separate",6,"TATO",1440,0.008
"sigma",77.354,39.907,29.231,66.142,176.488,2.73,36,"CAM-SC_noinfo_separate",6,"TATO",1440,52.266
"D",6.828,5.776,0.218,6.163,16.577,1.62,8,"CAM-SC_noinfo_separate",7,"TATO",1440,0.391
"lam0",0.055,0.066,0.004,0.025,0.244,2.92,18,"CAM-SC_noinfo_separate",7,"TATO",1440,0.013
"N",750.057,634.538,24,677,1821,1.62,8,"CAM-SC_noinfo_separate",7,"TATO",1440,42.919
"psi",0.375,0.317,0.012,0.34,0.909,1.62,8,"CAM-SC_noinfo_separate",7,"TATO",1440,0.025
"sigma",121.056,42.475,54.549,117.284,194.888,1.54,30,"CAM-SC_noinfo_separate",7,"TATO",1440,81.459
"D",6.958,4.847,0.828,5.298,17.305,1.49,22,"CAM-SC_noinfo_separate",8,"TATO",1440,3.136
"lam0",0.038,0.034,0.004,0.024,0.132,1.24,19,"CAM-SC_noinfo_separate",8,"TATO",1440,0.017
"N",764.311,532.485,91,582,1901,1.49,22,"CAM-SC_noinfo_separate",8,"TATO",1440,344.463
"psi",0.382,0.266,0.045,0.292,0.951,1.49,24,"CAM-SC_noinfo_separate",8,"TATO",1440,0.177
"sigma",109.635,41.998,45.985,100.755,191.343,1.83,20,"CAM-SC_noinfo_separate",8,"TATO",1440,80.164
"D",7.135,2.971,2.995,7.046,13.983,2.46,80,"CAM-SC_info_separate",1,"TATO",0,3.619
"lam0",5.11,0.818,3.715,5.019,6.822,1.72,97,"CAM-SC_info_separate",1,"TATO",0,4.967
"N",783.732,326.389,329,774,1536,2.46,80,"CAM-SC_info_separate",1,"TATO",0,397.553
"psi",0.392,0.163,0.163,0.388,0.768,2.45,89,"CAM-SC_info_separate",1,"TATO",0,0.204
"sigma",15.094,2.447,10.187,14.923,18.905,2.94,49,"CAM-SC_info_separate",1,"TATO",0,13.086
"D",12.439,2.905,6.609,12.531,17.342,1.54,21,"CAM-SC_info_separate",2,"TATO",0,12.597
"lam0",3.051,0.54,2.174,2.966,4.421,1.4,63,"CAM-SC_info_separate",2,"TATO",0,2.685
"N",1366.476,319.088,726,1376.5,1905,1.54,21,"CAM-SC_info_separate",2,"TATO",0,1383.81
"psi",0.683,0.16,0.363,0.688,0.951,1.54,24,"CAM-SC_info_separate",2,"TATO",0,0.679
"sigma",16.481,1.488,13.749,16.35,19.43,1.33,49,"CAM-SC_info_separate",2,"TATO",0,15.986
"D",12.649,3.076,6.622,13.136,17.751,1.41,15,"CAM-SC_info_separate",3,"TATO",0,13.485
"lam0",3.764,0.635,2.736,3.661,5.236,1.07,58,"CAM-SC_info_separate",3,"TATO",0,3.411
"N",1389.466,337.863,727.475,1443,1950,1.41,15,"CAM-SC_info_separate",3,"TATO",0,1481.336
"psi",0.695,0.169,0.364,0.722,0.975,1.42,16,"CAM-SC_info_separate",3,"TATO",0,0.727
"sigma",14.224,1.513,11.735,14.083,17.187,1.14,34,"CAM-SC_info_separate",3,"TATO",0,13.901
"D",7.679,3.092,3.314,7.119,13.66,1.65,18,"CAM-SC_info_separate",4,"TATO",0,5.069
"lam0",4.127,0.744,2.839,4.1,5.876,1.22,67,"CAM-SC_info_separate",4,"TATO",0,3.776
"N",843.49,339.665,364,782,1500.525,1.65,18,"CAM-SC_info_separate",4,"TATO",0,556.849
"psi",0.422,0.17,0.18,0.39,0.751,1.65,19,"CAM-SC_info_separate",4,"TATO",0,0.269
"sigma",15.548,2.499,11.475,15.348,19.745,1.43,18,"CAM-SC_info_separate",4,"TATO",0,12.856
"D",13.326,2.23,9.003,13.345,17.315,1.26,31,"CAM-SC_info_separate",5,"TATO",0,12.981
"lam0",5.913,0.95,4.318,5.789,7.903,1.27,48,"CAM-SC_info_separate",5,"TATO",0,5.808
"N",1463.915,244.961,989,1466,1902,1.26,31,"CAM-SC_info_separate",5,"TATO",0,1425.988
"psi",0.732,0.122,0.496,0.733,0.951,1.26,32,"CAM-SC_info_separate",5,"TATO",0,0.797
"sigma",14.481,1.086,12.457,14.486,16.595,1.05,39,"CAM-SC_info_separate",5,"TATO",0,13.945
"D",11.641,3.332,4.342,12.107,17.733,2.95,25,"CAM-SC_info_separate",6,"TATO",0,12.681
"lam0",5.156,1.015,3.382,5.099,7.328,1.01,66,"CAM-SC_info_separate",6,"TATO",0,4.861
"N",1278.818,366.017,477,1330,1948,2.95,25,"CAM-SC_info_separate",6,"TATO",0,1392.994
"psi",0.639,0.183,0.238,0.666,0.975,2.95,24,"CAM-SC_info_separate",6,"TATO",0,0.691
"sigma",10.571,1.988,7.916,9.938,15.532,3.03,31,"CAM-SC_info_separate",6,"TATO",0,9.588
"D",13.213,2.907,7.342,13.218,17.77,2.45,30,"CAM-SC_info_separate",7,"TATO",0,15.605
"lam0",6.303,0.948,4.857,6.156,8.422,1.31,52,"CAM-SC_info_separate",7,"TATO",0,5.288
"N",1451.426,319.287,806.475,1452,1952,2.45,30,"CAM-SC_info_separate",7,"TATO",0,1714.255
"psi",0.725,0.16,0.401,0.726,0.976,2.45,31,"CAM-SC_info_separate",7,"TATO",0,0.865
"sigma",17.326,1.344,14.796,17.207,20.237,2.03,28,"CAM-SC_info_separate",7,"TATO",0,16.636
"D",14.449,2.732,7.374,15.048,18.139,1.19,15,"CAM-SC_info_separate",8,"TATO",0,18.19
"lam0",3.732,0.593,2.849,3.62,5.241,1.08,50,"CAM-SC_info_separate",8,"TATO",0,3.38
"N",1587.212,300.121,810,1653,1992.525,1.19,15,"CAM-SC_info_separate",8,"TATO",0,1998.223
"psi",0.793,0.15,0.401,0.826,0.996,1.2,17,"CAM-SC_info_separate",8,"TATO",0,0.999
"sigma",17.613,1.518,15.029,17.489,21.168,1.12,39,"CAM-SC_info_separate",8,"TATO",0,17.675
"D",17.77,0.441,16.614,17.897,18.198,1.08,86,"CAM-SC_info_separate",1,"TATO",15,18.095
"lam0",2.149,0.311,1.678,2.11,2.925,1.13,256,"CAM-SC_info_separate",1,"TATO",15,2.11
"N",1951.996,48.414,1825,1966,1999,1.08,86,"CAM-SC_info_separate",1,"TATO",15,1987.71
"psi",0.976,0.024,0.911,0.983,0.999,1.09,82,"CAM-SC_info_separate",1,"TATO",15,0.995
"sigma",5.774,0.45,4.892,5.76,6.662,1.01,199,"CAM-SC_info_separate",1,"TATO",15,5.584
"D",17.742,0.504,16.24,17.915,18.198,1.1,58,"CAM-SC_info_separate",2,"TATO",15,18.158
"lam0",3.35,0.364,2.693,3.333,4.129,1.04,223,"CAM-SC_info_separate",2,"TATO",15,3.247
"N",1948.935,55.312,1784,1968,1999,1.1,58,"CAM-SC_info_separate",2,"TATO",15,1994.608
"psi",0.974,0.028,0.89,0.984,0.999,1.1,61,"CAM-SC_info_separate",2,"TATO",15,0.998
"sigma",6.515,0.463,5.642,6.498,7.453,1.1,152,"CAM-SC_info_separate",2,"TATO",15,6.407
"D",17.759,0.438,16.559,17.897,18.198,1.07,70,"CAM-SC_info_separate",3,"TATO",15,18.151
"lam0",2.525,0.327,2.001,2.487,3.263,1.04,207,"CAM-SC_info_separate",3,"TATO",15,2.538
"N",1950.772,48.106,1819,1966,1999,1.07,70,"CAM-SC_info_separate",3,"TATO",15,1993.913
"psi",0.975,0.024,0.909,0.983,0.999,1.07,66,"CAM-SC_info_separate",3,"TATO",15,0.998
"sigma",6.121,0.487,5.202,6.108,7.095,1.02,152,"CAM-SC_info_separate",3,"TATO",15,6.106
"D",17.591,0.578,15.953,17.77,18.179,1.06,65,"CAM-SC_info_separate",4,"TATO",15,18.011
"lam0",2.404,0.43,1.765,2.33,3.491,1.11,182,"CAM-SC_info_separate",4,"TATO",15,2.308
"N",1932.317,63.461,1752.475,1952,1997,1.06,65,"CAM-SC_info_separate",4,"TATO",15,1978.456
"psi",0.966,0.032,0.875,0.975,0.998,1.06,60,"CAM-SC_info_separate",4,"TATO",15,0.992
"sigma",4.824,0.371,4.108,4.823,5.56,1.02,201,"CAM-SC_info_separate",4,"TATO",15,4.869
"D",17.841,0.323,17.023,17.924,18.198,1.06,110,"CAM-SC_info_separate",5,"TATO",15,18.198
"lam0",4.747,0.518,3.848,4.725,5.905,1.03,120,"CAM-SC_info_separate",5,"TATO",15,4.755
"N",1959.887,35.468,1870,1969,1999,1.06,110,"CAM-SC_info_separate",5,"TATO",15,1999
"psi",0.98,0.018,0.935,0.984,0.999,1.06,102,"CAM-SC_info_separate",5,"TATO",15,0.999
"sigma",6.569,0.484,5.677,6.564,7.515,1.23,92,"CAM-SC_info_separate",5,"TATO",15,6.885
"D",17.551,0.579,16.076,17.724,18.188,1.02,79,"CAM-SC_info_separate",6,"TATO",15,18.163
"lam0",2.168,0.406,1.557,2.102,3.134,1.07,188,"CAM-SC_info_separate",6,"TATO",15,2.048
"N",1927.972,63.556,1766,1947,1998,1.02,79,"CAM-SC_info_separate",6,"TATO",15,1995.226
"psi",0.963,0.032,0.883,0.973,0.999,1.02,74,"CAM-SC_info_separate",6,"TATO",15,0.998
"sigma",4.893,0.4,4.161,4.872,5.749,1.01,201,"CAM-SC_info_separate",6,"TATO",15,4.804
"D",17.703,0.506,16.377,17.861,18.207,1.06,66,"CAM-SC_info_separate",7,"TATO",15,18.197
"lam0",5.914,0.934,4.638,5.7,8.19,1.41,111,"CAM-SC_info_separate",7,"TATO",15,5.507
"N",1944.676,55.575,1799,1962,2000,1.06,66,"CAM-SC_info_separate",7,"TATO",15,1998.954
"psi",0.972,0.028,0.899,0.981,1,1.06,66,"CAM-SC_info_separate",7,"TATO",15,0.998
"sigma",6.832,0.442,5.941,6.823,7.694,1.29,104,"CAM-SC_info_separate",7,"TATO",15,6.616
"D",17.885,0.311,17.023,17.979,18.198,1.08,115,"CAM-SC_info_separate",8,"TATO",15,18.16
"lam0",4.032,0.495,3.213,3.976,5.197,1.03,107,"CAM-SC_info_separate",8,"TATO",15,3.743
"N",1964.617,34.157,1870,1975,1999,1.08,115,"CAM-SC_info_separate",8,"TATO",15,1994.852
"psi",0.982,0.017,0.934,0.987,0.999,1.08,116,"CAM-SC_info_separate",8,"TATO",15,0.998
"sigma",6.571,0.479,5.703,6.537,7.542,1.02,112,"CAM-SC_info_separate",8,"TATO",15,6.535
"D",17.795,0.413,16.695,17.915,18.198,1.15,88,"CAM-SC_info_separate",1,"TATO",60,18.18
"lam0",1.622,0.251,1.224,1.59,2.209,1.07,256,"CAM-SC_info_separate",1,"TATO",60,1.581
"N",1954.752,45.329,1834,1968,1999,1.15,88,"CAM-SC_info_separate",1,"TATO",60,1997.087
"psi",0.977,0.023,0.916,0.984,0.999,1.15,80,"CAM-SC_info_separate",1,"TATO",60,0.998
"sigma",5.995,0.453,5.107,5.989,6.927,1.01,249,"CAM-SC_info_separate",1,"TATO",60,5.944
"D",17.807,0.4,16.723,17.952,18.207,1.02,79,"CAM-SC_info_separate",2,"TATO",60,18.201
"lam0",2.355,0.314,1.832,2.331,3.064,1.15,186,"CAM-SC_info_separate",2,"TATO",60,2.224
"N",1956.077,43.988,1837,1972,2000,1.02,79,"CAM-SC_info_separate",2,"TATO",60,1999.405
"psi",0.978,0.022,0.917,0.985,1,1.02,80,"CAM-SC_info_separate",2,"TATO",60,0.996
"sigma",6.259,0.458,5.401,6.258,7.202,1.06,195,"CAM-SC_info_separate",2,"TATO",60,6.405
"D",17.748,0.439,16.604,17.897,18.198,1.36,124,"CAM-SC_info_separate",3,"TATO",60,18.1
"lam0",1.969,0.276,1.528,1.932,2.656,1.04,235,"CAM-SC_info_separate",3,"TATO",60,1.836
"N",1949.656,48.245,1824,1966,1999,1.36,124,"CAM-SC_info_separate",3,"TATO",60,1988.335
"psi",0.974,0.024,0.911,0.983,0.999,1.37,114,"CAM-SC_info_separate",3,"TATO",60,0.999
"sigma",6.059,0.451,5.187,6.054,6.944,1.03,207,"CAM-SC_info_separate",3,"TATO",60,6.163
"D",17.694,0.513,16.168,17.852,18.198,1.06,74,"CAM-SC_info_separate",4,"TATO",60,18.154
"lam0",1.617,0.283,1.163,1.576,2.292,1.02,310,"CAM-SC_info_separate",4,"TATO",60,1.49
"N",1943.728,56.383,1776,1961,1999,1.06,74,"CAM-SC_info_separate",4,"TATO",60,1994.175
"psi",0.971,0.028,0.886,0.98,0.999,1.06,63,"CAM-SC_info_separate",4,"TATO",60,0.998
"sigma",5.395,0.463,4.502,5.399,6.305,1.04,251,"CAM-SC_info_separate",4,"TATO",60,5.412
"D",17.776,0.458,16.504,17.934,18.198,1.22,82,"CAM-SC_info_separate",5,"TATO",60,18.19
"lam0",3.022,0.342,2.439,2.995,3.805,1.02,185,"CAM-SC_info_separate",5,"TATO",60,2.938
"N",1952.698,50.349,1813,1970,1999,1.22,82,"CAM-SC_info_separate",5,"TATO",60,1998.189
"psi",0.976,0.025,0.905,0.985,0.999,1.22,73,"CAM-SC_info_separate",5,"TATO",60,0.999
"sigma",6.406,0.484,5.436,6.407,7.349,1.1,136,"CAM-SC_info_separate",5,"TATO",60,6.338
"D",17.629,0.519,16.286,17.788,18.188,1.13,79,"CAM-SC_info_separate",6,"TATO",60,18.097
"lam0",1.534,0.255,1.125,1.503,2.094,1.01,321,"CAM-SC_info_separate",6,"TATO",60,1.395
"N",1936.564,57.059,1789,1954,1998,1.13,79,"CAM-SC_info_separate",6,"TATO",60,1987.928
"psi",0.968,0.029,0.892,0.977,0.998,1.13,79,"CAM-SC_info_separate",6,"TATO",60,0.998
"sigma",5.448,0.441,4.61,5.443,6.365,1,301,"CAM-SC_info_separate",6,"TATO",60,5.452
"D",17.782,0.41,16.677,17.906,18.198,1.07,86,"CAM-SC_info_separate",7,"TATO",60,18.195
"lam0",2.434,0.274,1.954,2.42,3.017,1.03,262,"CAM-SC_info_separate",7,"TATO",60,2.394
"N",1953.395,45.051,1832,1967,1999,1.07,86,"CAM-SC_info_separate",7,"TATO",60,1998.71
"psi",0.976,0.023,0.915,0.983,0.999,1.07,83,"CAM-SC_info_separate",7,"TATO",60,0.999
"sigma",6.665,0.493,5.716,6.672,7.634,1.08,152,"CAM-SC_info_separate",7,"TATO",60,6.814
"D",17.783,0.379,16.787,17.888,18.198,1.06,99,"CAM-SC_info_separate",8,"TATO",60,18.185
"lam0",2.672,0.319,2.124,2.642,3.379,1.04,211,"CAM-SC_info_separate",8,"TATO",60,2.607
"N",1953.446,41.635,1844,1965,1999,1.06,99,"CAM-SC_info_separate",8,"TATO",60,1997.594
"psi",0.976,0.021,0.92,0.982,0.999,1.06,100,"CAM-SC_info_separate",8,"TATO",60,0.999
"sigma",6.368,0.473,5.505,6.354,7.336,1.01,164,"CAM-SC_info_separate",8,"TATO",60,6.273
"D",17.751,0.505,16.427,17.888,18.198,1.3,89,"CAM-SC_info_separate",1,"TATO",1440,18.201
"lam0",0.867,0.13,0.652,0.852,1.159,1,661,"CAM-SC_info_separate",1,"TATO",1440,0.843
"N",1949.898,55.465,1804.475,1965,1999,1.3,89,"CAM-SC_info_separate",1,"TATO",1440,1999.369
"psi",0.974,0.028,0.902,0.982,1,1.3,90,"CAM-SC_info_separate",1,"TATO",1440,0.999
"sigma",6.031,0.464,5.141,6.031,6.953,1.02,452,"CAM-SC_info_separate",1,"TATO",1440,6.137
"D",17.779,0.426,16.641,17.906,18.198,1.06,88,"CAM-SC_info_separate",2,"TATO",1440,18.196
"lam0",1.06,0.137,0.829,1.049,1.362,1,652,"CAM-SC_info_separate",2,"TATO",1440,1.014
"N",1952.999,46.794,1828,1967,1999,1.06,88,"CAM-SC_info_separate",2,"TATO",1440,1998.844
"psi",0.976,0.024,0.913,0.983,0.999,1.06,82,"CAM-SC_info_separate",2,"TATO",1440,0.999
"sigma",6.253,0.477,5.374,6.232,7.231,1.01,339,"CAM-SC_info_separate",2,"TATO",1440,6.243
"D",17.702,0.509,16.368,17.852,18.198,1.28,91,"CAM-SC_info_separate",3,"TATO",1440,18.197
"lam0",1.046,0.157,0.784,1.031,1.391,1.01,493,"CAM-SC_info_separate",3,"TATO",1440,1.019
"N",1944.518,55.906,1798,1961,1999,1.28,91,"CAM-SC_info_separate",3,"TATO",1440,1998.992
"psi",0.972,0.028,0.898,0.98,0.999,1.28,89,"CAM-SC_info_separate",3,"TATO",1440,0.998
"sigma",6.171,0.48,5.287,6.16,7.14,1.08,384,"CAM-SC_info_separate",3,"TATO",1440,6.169
"D",17.689,0.517,16.259,17.852,18.198,1.34,90,"CAM-SC_info_separate",4,"TATO",1440,18.192
"lam0",0.933,0.172,0.656,0.909,1.345,1,533,"CAM-SC_info_separate",4,"TATO",1440,0.868
"N",1943.128,56.826,1786,1961,1999,1.34,90,"CAM-SC_info_separate",4,"TATO",1440,1998.385
"psi",0.971,0.029,0.892,0.98,0.999,1.34,93,"CAM-SC_info_separate",4,"TATO",1440,0.999
"sigma",5.4,0.448,4.601,5.378,6.34,1.04,415,"CAM-SC_info_separate",4,"TATO",1440,5.29
"D",17.822,0.357,16.923,17.924,18.198,1.04,119,"CAM-SC_info_separate",5,"TATO",1440,18.205
"lam0",1.349,0.167,1.078,1.333,1.703,1.01,460,"CAM-SC_info_separate",5,"TATO",1440,1.284
"N",1957.765,39.213,1859,1969,1999,1.04,119,"CAM-SC_info_separate",5,"TATO",1440,1999.804
"psi",0.978,0.02,0.929,0.984,0.999,1.04,103,"CAM-SC_info_separate",5,"TATO",1440,0.999
"sigma",6.469,0.503,5.515,6.468,7.47,1.02,286,"CAM-SC_info_separate",5,"TATO",1440,6.592
"D",17.672,0.576,16.104,17.861,18.198,1.03,67,"CAM-SC_info_separate",6,"TATO",1440,18.194
"lam0",0.957,0.173,0.677,0.932,1.356,1,551,"CAM-SC_info_separate",6,"TATO",1440,0.895
"N",1941.263,63.258,1769,1962,1999,1.03,67,"CAM-SC_info_separate",6,"TATO",1440,1998.659
"psi",0.97,0.032,0.884,0.98,0.999,1.03,72,"CAM-SC_info_separate",6,"TATO",1440,0.997
"sigma",5.106,0.389,4.368,5.095,5.898,1,483,"CAM-SC_info_separate",6,"TATO",1440,5.131
"D",17.708,0.452,16.459,17.843,18.188,1.08,111,"CAM-SC_info_separate",7,"TATO",1440,17.995
"lam0",1.111,0.16,0.845,1.094,1.476,1.02,436,"CAM-SC_info_separate",7,"TATO",1440,1.081
"N",1945.218,49.674,1808,1960,1998,1.08,111,"CAM-SC_info_separate",7,"TATO",1440,1976.736
"psi",0.972,0.025,0.903,0.979,0.999,1.09,108,"CAM-SC_info_separate",7,"TATO",1440,0.997
"sigma",6.417,0.472,5.535,6.391,7.406,1,350,"CAM-SC_info_separate",7,"TATO",1440,6.387
"D",17.76,0.402,16.695,17.87,18.198,1.11,84,"CAM-SC_info_separate",8,"TATO",1440,18.189
"lam0",1.217,0.156,0.954,1.203,1.554,1.01,485,"CAM-SC_info_separate",8,"TATO",1440,1.174
"N",1950.93,44.165,1834,1963,1999,1.11,84,"CAM-SC_info_separate",8,"TATO",1440,1998.08
"psi",0.975,0.022,0.915,0.981,0.999,1.11,82,"CAM-SC_info_separate",8,"TATO",1440,0.999
"sigma",6.359,0.475,5.448,6.36,7.303,1.01,323,"CAM-SC_info_separate",8,"TATO",1440,6.376
"D",4.989,2.113,2.731,4.397,11.297,1.01,94,"CAM-SC_noinfo_separate",1,"GLSA",0,4.17
"lam0",5.877,1.023,4.176,5.776,8.119,1.14,85,"CAM-SC_noinfo_separate",1,"GLSA",0,4.919
"N",548.093,232.122,300,483,1241,1.01,94,"CAM-SC_noinfo_separate",1,"GLSA",0,458.057
"psi",0.274,0.116,0.15,0.242,0.619,1.01,99,"CAM-SC_noinfo_separate",1,"GLSA",0,0.227
"sigma",12.28,1.625,7.972,12.521,14.646,1.07,39,"CAM-SC_noinfo_separate",1,"GLSA",0,12.331
"D",4.567,1.328,2.54,4.351,7.369,1.67,64,"CAM-SC_noinfo_separate",2,"GLSA",0,3.899
"lam0",6.106,1.333,3.812,6.046,9.191,1.14,106,"CAM-SC_noinfo_separate",2,"GLSA",0,6.247
"N",501.712,145.856,279,478,809.525,1.67,64,"CAM-SC_noinfo_separate",2,"GLSA",0,428.297
"psi",0.251,0.073,0.139,0.239,0.405,1.66,72,"CAM-SC_noinfo_separate",2,"GLSA",0,0.214
"sigma",9.424,1.418,6.991,9.572,11.847,1.93,30,"CAM-SC_noinfo_separate",2,"GLSA",0,10.42
"D",8.119,3.458,3.55,7.328,15.011,2.65,42,"CAM-SC_noinfo_separate",3,"GLSA",0,4.622
"lam0",4.816,0.913,3.336,4.714,6.849,1.14,79,"CAM-SC_noinfo_separate",3,"GLSA",0,4.259
"N",891.859,379.849,390,805,1649,2.65,42,"CAM-SC_noinfo_separate",3,"GLSA",0,507.673
"psi",0.446,0.19,0.193,0.403,0.822,2.64,46,"CAM-SC_noinfo_separate",3,"GLSA",0,0.256
"sigma",11.45,2.5,7.533,11.407,15.679,2.83,40,"CAM-SC_noinfo_separate",3,"GLSA",0,8.48
"D",11.62,3.919,4.816,11.197,18.034,1.87,12,"CAM-SC_noinfo_separate",4,"GLSA",0,18.023
"lam0",3.368,0.654,2.231,3.334,4.729,1.14,130,"CAM-SC_noinfo_separate",4,"GLSA",0,3.127
"N",1276.511,430.509,529,1230,1981,1.87,12,"CAM-SC_noinfo_separate",4,"GLSA",0,1979.88
"psi",0.638,0.215,0.265,0.615,0.99,1.87,12,"CAM-SC_noinfo_separate",4,"GLSA",0,0.988
"sigma",7.871,1.524,5.348,7.706,11.197,1.69,30,"CAM-SC_noinfo_separate",4,"GLSA",0,7.132
"D",5.873,1.443,3.536,5.671,9.122,1.18,80,"CAM-SC_noinfo_separate",5,"GLSA",0,5.268
"lam0",4.948,1.181,3.228,4.748,7.797,1.05,83,"CAM-SC_noinfo_separate",5,"GLSA",0,3.774
"N",645.165,158.523,388.475,623,1002,1.18,80,"CAM-SC_noinfo_separate",5,"GLSA",0,578.655
"psi",0.323,0.08,0.194,0.313,0.502,1.18,87,"CAM-SC_noinfo_separate",5,"GLSA",0,0.29
"sigma",9.212,1.02,7.261,9.184,11.351,1.11,68,"CAM-SC_noinfo_separate",5,"GLSA",0,9.256
"D",9.321,3.531,3.386,9.395,15.812,1.81,15,"CAM-SC_noinfo_separate",6,"GLSA",0,9.601
"lam0",3.674,1.109,2.13,3.458,6.361,1.05,90,"CAM-SC_noinfo_separate",6,"GLSA",0,2.744
"N",1023.904,387.909,372,1032,1737,1.81,15,"CAM-SC_noinfo_separate",6,"GLSA",0,1054.709
"psi",0.512,0.194,0.184,0.516,0.869,1.81,15,"CAM-SC_noinfo_separate",6,"GLSA",0,0.728
"sigma",6.869,1.553,4.663,6.497,10.539,1.64,28,"CAM-SC_noinfo_separate",6,"GLSA",0,5.471
"D",7.667,3.357,3.15,6.937,15.894,1.1,28,"CAM-SC_noinfo_separate",7,"GLSA",0,6.966
"lam0",3.459,0.96,2.096,3.322,5.967,1.01,129,"CAM-SC_noinfo_separate",7,"GLSA",0,3.221
"N",842.207,368.726,346,762,1746,1.1,28,"CAM-SC_noinfo_separate",7,"GLSA",0,765.213
"psi",0.421,0.184,0.172,0.381,0.874,1.1,30,"CAM-SC_noinfo_separate",7,"GLSA",0,0.306
"sigma",7.304,1.424,4.841,7.298,9.996,1.06,41,"CAM-SC_noinfo_separate",7,"GLSA",0,7.244
"D",12.496,3.687,5.981,12.863,18.079,1.34,12,"CAM-SC_noinfo_separate",8,"GLSA",0,18.079
"lam0",5.02,1.342,3.002,4.826,8.482,1.18,93,"CAM-SC_noinfo_separate",8,"GLSA",0,4.327
"N",1372.735,405.072,657,1413,1986,1.34,12,"CAM-SC_noinfo_separate",8,"GLSA",0,1986.004
"psi",0.686,0.202,0.328,0.707,0.992,1.34,12,"CAM-SC_noinfo_separate",8,"GLSA",0,0.994
"sigma",6.904,1.159,5.189,6.695,9.369,1.27,32,"CAM-SC_noinfo_separate",8,"GLSA",0,5.807
"D",7.101,2.932,2.54,6.827,13.254,2.09,20,"CAM-SC_noinfo_separate",1,"GLSA",15,3.701
"lam0",0.497,0.136,0.271,0.483,0.807,1.13,166,"CAM-SC_noinfo_separate",1,"GLSA",15,0.442
"N",780.013,322.041,279,750,1456,2.09,20,"CAM-SC_noinfo_separate",1,"GLSA",15,406.501
"psi",0.39,0.161,0.139,0.375,0.729,2.09,20,"CAM-SC_noinfo_separate",1,"GLSA",15,0.199
"sigma",19.015,3.479,12.841,18.82,25.871,1.74,76,"CAM-SC_noinfo_separate",1,"GLSA",15,17.199
"D",2.898,1.271,1.338,2.722,5.658,1.06,103,"CAM-SC_noinfo_separate",2,"GLSA",15,2.828
"lam0",0.927,0.208,0.593,0.903,1.393,1,341,"CAM-SC_noinfo_separate",2,"GLSA",15,0.868
"N",318.378,139.648,147,299,621.525,1.06,103,"CAM-SC_noinfo_separate",2,"GLSA",15,310.651
"psi",0.16,0.07,0.072,0.15,0.316,1.06,108,"CAM-SC_noinfo_separate",2,"GLSA",15,0.149
"sigma",18.571,3.082,12.849,18.698,24.074,1.05,135,"CAM-SC_noinfo_separate",2,"GLSA",15,17.982
"D",6.558,3.166,1.52,6.454,12.663,1.83,21,"CAM-SC_noinfo_separate",3,"GLSA",15,7.208
"lam0",0.648,0.222,0.34,0.598,1.173,1.6,113,"CAM-SC_noinfo_separate",3,"GLSA",15,0.537
"N",720.376,347.781,167,709,1391,1.83,21,"CAM-SC_noinfo_separate",3,"GLSA",15,791.81
"psi",0.36,0.174,0.084,0.355,0.696,1.83,21,"CAM-SC_noinfo_separate",3,"GLSA",15,0.389
"sigma",19.317,3.462,13.729,18.907,26.62,1.65,78,"CAM-SC_noinfo_separate",3,"GLSA",15,17.281
"D",13.523,2.773,7.783,13.701,17.742,1.08,17,"CAM-SC_noinfo_separate",4,"GLSA",15,17.098
"lam0",0.877,0.194,0.559,0.859,1.302,1.01,262,"CAM-SC_noinfo_separate",4,"GLSA",15,0.812
"N",1485.452,304.606,855,1505,1949,1.08,17,"CAM-SC_noinfo_separate",4,"GLSA",15,1878.259
"psi",0.743,0.152,0.427,0.752,0.974,1.08,17,"CAM-SC_noinfo_separate",4,"GLSA",15,0.944
"sigma",9.177,1.321,6.932,9.027,12.055,1.07,134,"CAM-SC_noinfo_separate",4,"GLSA",15,8.208
"D",6.865,2.634,3.031,6.363,12.845,1.14,26,"CAM-SC_noinfo_separate",5,"GLSA",15,5.682
"lam0",0.959,0.201,0.601,0.943,1.393,1.02,345,"CAM-SC_noinfo_separate",5,"GLSA",15,0.929
"N",754.112,289.318,333,699,1411,1.14,26,"CAM-SC_noinfo_separate",5,"GLSA",15,624.119
"psi",0.377,0.145,0.167,0.349,0.703,1.14,27,"CAM-SC_noinfo_separate",5,"GLSA",15,0.32
"sigma",12.072,2.272,7.79,12.197,16.46,1.06,79,"CAM-SC_noinfo_separate",5,"GLSA",15,12.92
"D",5.941,2.939,1.921,5.216,12.899,1.4,29,"CAM-SC_noinfo_separate",6,"GLSA",15,4.13
"lam0",0.659,0.174,0.388,0.639,1.055,1.03,328,"CAM-SC_noinfo_separate",6,"GLSA",15,0.684
"N",652.574,322.828,211,573,1417,1.4,29,"CAM-SC_noinfo_separate",6,"GLSA",15,453.658
"psi",0.327,0.162,0.105,0.287,0.708,1.4,30,"CAM-SC_noinfo_separate",6,"GLSA",15,0.174
"sigma",12.454,3.131,6.959,12.459,18.742,1.25,84,"CAM-SC_noinfo_separate",6,"GLSA",15,11.208
"D",2.529,1.386,0.756,2.249,6.026,1.38,48,"CAM-SC_noinfo_separate",7,"GLSA",15,1.603
"lam0",0.552,0.145,0.309,0.539,0.871,1,365,"CAM-SC_noinfo_separate",7,"GLSA",15,0.474
"N",277.783,152.23,83,247,662,1.38,48,"CAM-SC_noinfo_separate",7,"GLSA",15,176.094
"psi",0.139,0.076,0.041,0.124,0.331,1.38,50,"CAM-SC_noinfo_separate",7,"GLSA",15,0.085
"sigma",19.914,5.163,10.907,19.454,31.158,1.28,72,"CAM-SC_noinfo_separate",7,"GLSA",15,19.617
"D",10.157,2.948,4.488,10.269,15.485,2.39,34,"CAM-SC_noinfo_separate",8,"GLSA",15,11.807
"lam0",0.801,0.196,0.487,0.775,1.245,1.05,213,"CAM-SC_noinfo_separate",8,"GLSA",15,0.703
"N",1115.796,323.81,493,1128,1701,2.39,34,"CAM-SC_noinfo_separate",8,"GLSA",15,1297.007
"psi",0.558,0.162,0.245,0.563,0.85,2.39,33,"CAM-SC_noinfo_separate",8,"GLSA",15,0.653
"sigma",11.242,2.143,8.05,10.819,16.324,1.79,109,"CAM-SC_noinfo_separate",8,"GLSA",15,10.781
"D",6.105,3.456,0.819,5.508,15.69,1.75,18,"CAM-SC_noinfo_separate",1,"GLSA",60,4.541
"lam0",0.278,0.105,0.101,0.273,0.515,1.27,118,"CAM-SC_noinfo_separate",1,"GLSA",60,0.273
"N",670.668,379.608,90,605,1723.525,1.75,18,"CAM-SC_noinfo_separate",1,"GLSA",60,498.839
"psi",0.336,0.19,0.046,0.302,0.862,1.75,18,"CAM-SC_noinfo_separate",1,"GLSA",60,0.257
"sigma",27.724,10.891,15.553,24.631,62.269,1.44,33,"CAM-SC_noinfo_separate",1,"GLSA",60,21.536
"D",2.181,0.935,1.001,1.93,4.643,1.14,74,"CAM-SC_noinfo_separate",2,"GLSA",60,1.593
"lam0",0.639,0.149,0.387,0.629,0.961,1.01,421,"CAM-SC_noinfo_separate",2,"GLSA",60,0.62
"N",239.612,102.698,110,212,510,1.14,74,"CAM-SC_noinfo_separate",2,"GLSA",60,174.998
"psi",0.12,0.052,0.055,0.107,0.257,1.14,75,"CAM-SC_noinfo_separate",2,"GLSA",60,0.083
"sigma",22.877,3.492,15.85,23.036,29.58,1.09,142,"CAM-SC_noinfo_separate",2,"GLSA",60,24.62
"D",7.55,5.345,0.91,5.826,17.888,4.45,19,"CAM-SC_noinfo_separate",3,"GLSA",60,3.075
"lam0",0.419,0.159,0.178,0.392,0.798,1.21,112,"CAM-SC_noinfo_separate",3,"GLSA",60,0.347
"N",829.373,587.101,100,640,1965,4.45,19,"CAM-SC_noinfo_separate",3,"GLSA",60,337.826
"psi",0.415,0.294,0.05,0.321,0.982,4.46,21,"CAM-SC_noinfo_separate",3,"GLSA",60,0.169
"sigma",22.916,8.617,12.32,21.29,47.274,1.97,47,"CAM-SC_noinfo_separate",3,"GLSA",60,16.001
"D",15.514,2.174,9.604,16.113,18.07,1.09,25,"CAM-SC_noinfo_separate",4,"GLSA",60,17.119
"lam0",0.651,0.149,0.402,0.637,0.998,1.01,270,"CAM-SC_noinfo_separate",4,"GLSA",60,0.647
"N",1704.254,238.808,1055,1770,1985,1.09,25,"CAM-SC_noinfo_separate",4,"GLSA",60,1880.523
"psi",0.852,0.119,0.528,0.885,0.992,1.09,26,"CAM-SC_noinfo_separate",4,"GLSA",60,0.951
"sigma",9.107,1.193,7.189,8.936,11.774,1.01,180,"CAM-SC_noinfo_separate",4,"GLSA",60,8.713
"D",6.871,2.634,3.295,6.309,12.931,1.02,20,"CAM-SC_noinfo_separate",5,"GLSA",60,4.954
"lam0",0.711,0.173,0.444,0.689,1.096,1.06,319,"CAM-SC_noinfo_separate",5,"GLSA",60,0.597
"N",754.775,289.351,362,693,1420.525,1.02,20,"CAM-SC_noinfo_separate",5,"GLSA",60,544.145
"psi",0.377,0.145,0.181,0.346,0.71,1.02,22,"CAM-SC_noinfo_separate",5,"GLSA",60,0.277
"sigma",13.025,2.477,8.408,12.969,18.027,1.02,84,"CAM-SC_noinfo_separate",5,"GLSA",60,13.874
"D",4.704,2.183,1.766,4.242,10.028,1.61,32,"CAM-SC_noinfo_separate",6,"GLSA",60,3.7
"lam0",0.493,0.126,0.277,0.483,0.773,1.03,486,"CAM-SC_noinfo_separate",6,"GLSA",60,0.463
"N",516.778,239.798,194,466,1101.525,1.61,32,"CAM-SC_noinfo_separate",6,"GLSA",60,406.429
"psi",0.259,0.12,0.097,0.234,0.55,1.61,33,"CAM-SC_noinfo_separate",6,"GLSA",60,0.208
"sigma",14.723,3.202,8.601,14.781,20.97,1.44,95,"CAM-SC_noinfo_separate",6,"GLSA",60,15.856
"D",1.825,1.211,0.519,1.511,5.54,1.31,55,"CAM-SC_noinfo_separate",7,"GLSA",60,1.038
"lam0",0.438,0.136,0.216,0.422,0.746,1.03,320,"CAM-SC_noinfo_separate",7,"GLSA",60,0.36
"N",200.447,133.071,57,166,608.525,1.31,55,"CAM-SC_noinfo_separate",7,"GLSA",60,114.056
"psi",0.101,0.067,0.028,0.083,0.305,1.31,56,"CAM-SC_noinfo_separate",7,"GLSA",60,0.056
"sigma",24.846,5.524,13.33,24.336,37.004,1.1,103,"CAM-SC_noinfo_separate",7,"GLSA",60,23.536
"D",14.052,3.64,5.335,15.403,18.006,1.95,12,"CAM-SC_noinfo_separate",8,"GLSA",60,17.514
"lam0",0.653,0.167,0.384,0.631,1.041,1.09,243,"CAM-SC_noinfo_separate",8,"GLSA",60,0.613
"N",1543.562,399.82,586,1692,1978,1.95,12,"CAM-SC_noinfo_separate",8,"GLSA",60,1923.909
"psi",0.772,0.2,0.294,0.846,0.989,1.96,12,"CAM-SC_noinfo_separate",8,"GLSA",60,0.961
"sigma",10.057,2.183,7.08,9.588,15.574,1.37,85,"CAM-SC_noinfo_separate",8,"GLSA",60,9.341
"D",5.652,6.333,0.064,2.157,17.988,14.93,23,"CAM-SC_noinfo_separate",1,"GLSA",1440,0.18
"lam0",0.084,0.088,0.009,0.057,0.377,1.8,32,"CAM-SC_noinfo_separate",1,"GLSA",1440,0.034
"N",620.927,695.72,7,237,1976,14.93,23,"CAM-SC_noinfo_separate",1,"GLSA",1440,19.807
"psi",0.311,0.348,0.004,0.12,0.987,14.96,20,"CAM-SC_noinfo_separate",1,"GLSA",1440,0.01
"sigma",84.201,46.415,22.886,77.086,181.301,3.24,34,"CAM-SC_noinfo_separate",1,"GLSA",1440,33.198
"D",2.212,1.637,0.592,1.766,7.701,1.07,47,"CAM-SC_noinfo_separate",2,"GLSA",1440,1.326
"lam0",0.318,0.098,0.153,0.308,0.536,1.01,380,"CAM-SC_noinfo_separate",2,"GLSA",1440,0.282
"N",242.969,179.821,65,194,846,1.07,47,"CAM-SC_noinfo_separate",2,"GLSA",1440,145.671
"psi",0.122,0.09,0.032,0.097,0.424,1.07,50,"CAM-SC_noinfo_separate",2,"GLSA",1440,0.07
"sigma",28.344,7.048,15.345,28.155,43.298,1.03,120,"CAM-SC_noinfo_separate",2,"GLSA",1440,29.61
"D",4.296,5.059,0.355,2.003,16.787,6.06,19,"CAM-SC_noinfo_separate",3,"GLSA",1440,0.912
"lam0",0.177,0.092,0.052,0.163,0.416,1.38,93,"CAM-SC_noinfo_separate",3,"GLSA",1440,0.084
"N",471.92,555.777,39,220,1844,6.06,19,"CAM-SC_noinfo_separate",3,"GLSA",1440,100.15
"psi",0.236,0.278,0.02,0.11,0.923,6.06,22,"CAM-SC_noinfo_separate",3,"GLSA",1440,0.048
"sigma",48.351,23.583,17.562,43.046,110.884,1.93,41,"CAM-SC_noinfo_separate",3,"GLSA",1440,28.342
"D",11.626,4.734,1.511,12.403,17.87,1.33,10,"CAM-SC_noinfo_separate",4,"GLSA",1440,15.879
"lam0",0.188,0.096,0.031,0.179,0.398,1.07,80,"CAM-SC_noinfo_separate",4,"GLSA",1440,0.149
"N",1277.088,520.026,166,1362.5,1963,1.33,10,"CAM-SC_noinfo_separate",4,"GLSA",1440,1744.285
"psi",0.638,0.26,0.085,0.68,0.981,1.34,10,"CAM-SC_noinfo_separate",4,"GLSA",1440,0.876
"sigma",21.839,18.04,9.789,14.824,81.328,1.42,35,"CAM-SC_noinfo_separate",4,"GLSA",1440,13.545
"D",9.534,4.82,1.857,8.366,17.97,1.91,14,"CAM-SC_noinfo_separate",5,"GLSA",1440,4.649
"lam0",0.243,0.094,0.086,0.237,0.447,1.11,151,"CAM-SC_noinfo_separate",5,"GLSA",1440,0.245
"N",1047.342,529.495,204,919,1974,1.91,14,"CAM-SC_noinfo_separate",5,"GLSA",1440,510.671
"psi",0.524,0.265,0.102,0.459,0.986,1.91,14,"CAM-SC_noinfo_separate",5,"GLSA",1440,0.262
"sigma",17.952,9.144,8.88,15.96,45.938,1.76,52,"CAM-SC_noinfo_separate",5,"GLSA",1440,11.973
"D",5.619,2.173,2.148,5.325,10.61,1.18,32,"CAM-SC_noinfo_separate",6,"GLSA",1440,3.677
"lam0",0.286,0.098,0.129,0.275,0.505,1.04,301,"CAM-SC_noinfo_separate",6,"GLSA",1440,0.23
"N",617.269,238.736,236,585,1165.525,1.18,32,"CAM-SC_noinfo_separate",6,"GLSA",1440,403.972
"psi",0.309,0.119,0.119,0.293,0.583,1.18,35,"CAM-SC_noinfo_separate",6,"GLSA",1440,0.207
"sigma",15.59,3.041,10.403,15.352,22.154,1.1,161,"CAM-SC_noinfo_separate",6,"GLSA",1440,15.469
"D",1.278,2.096,0.018,0.519,8.635,1.21,40,"CAM-SC_noinfo_separate",7,"GLSA",1440,0.032
"lam0",0.251,0.103,0.094,0.235,0.473,1.02,203,"CAM-SC_noinfo_separate",7,"GLSA",1440,0.195
"N",140.377,230.216,2,57,948.525,1.21,40,"CAM-SC_noinfo_separate",7,"GLSA",1440,3.544
"psi",0.071,0.115,0.001,0.029,0.478,1.21,33,"CAM-SC_noinfo_separate",7,"GLSA",1440,0.003
"sigma",53.567,26.936,13.224,48.611,113.821,1.22,40,"CAM-SC_noinfo_separate",7,"GLSA",1440,37.78
"D",9.734,5.222,1.525,9.486,17.906,3.45,8,"CAM-SC_noinfo_separate",8,"GLSA",1440,17.734
"lam0",0.189,0.091,0.034,0.18,0.393,1.11,78,"CAM-SC_noinfo_separate",8,"GLSA",1440,0.167
"N",1069.24,573.683,167.475,1042,1967,3.45,8,"CAM-SC_noinfo_separate",8,"GLSA",1440,1948.044
"psi",0.535,0.287,0.084,0.52,0.983,3.45,8,"CAM-SC_noinfo_separate",8,"GLSA",1440,0.975
"sigma",23.188,11.661,10.728,19.721,56.729,1.47,32,"CAM-SC_noinfo_separate",8,"GLSA",1440,14.114
"D",16.908,1.054,13.919,17.132,18.152,1.09,47,"CAM-SC_info_separate",1,"GLSA",0,17.913
"lam0",12.276,2.523,8.438,12.087,17.895,1.09,60,"CAM-SC_info_separate",1,"GLSA",0,12.118
"N",1857.364,115.756,1529,1882,1994,1.09,47,"CAM-SC_info_separate",1,"GLSA",0,1967.74
"psi",0.928,0.058,0.763,0.941,0.997,1.09,45,"CAM-SC_info_separate",1,"GLSA",0,0.983
"sigma",5.253,0.369,4.565,5.257,6.011,1.02,45,"CAM-SC_info_separate",1,"GLSA",0,5.318
"D",9.003,0,9.003,9.003,9.003,NA,0,"CAM-SC_info_separate",2,"GLSA",0,9.003
"lam0",0.288,0,0.288,0.288,0.288,NA,0,"CAM-SC_info_separate",2,"GLSA",0,0.288
"N",989,0,989,989,989,NA,0,"CAM-SC_info_separate",2,"GLSA",0,988.93
"psi",0.494,0.011,0.472,0.494,0.517,1,5268,"CAM-SC_info_separate",2,"GLSA",0,0.495
"sigma",0.788,0,0.788,0.788,0.788,NA,0,"CAM-SC_info_separate",2,"GLSA",0,0.788
"D",9.003,0,9.003,9.003,9.003,NA,0,"CAM-SC_info_separate",3,"GLSA",0,9.003
"lam0",0.288,0,0.288,0.288,0.288,NA,0,"CAM-SC_info_separate",3,"GLSA",0,0.288
"N",989,0,989,989,989,NA,0,"CAM-SC_info_separate",3,"GLSA",0,988.93
"psi",0.494,0.011,0.472,0.494,0.517,1,5268,"CAM-SC_info_separate",3,"GLSA",0,0.495
"sigma",0.788,0,0.788,0.788,0.788,NA,0,"CAM-SC_info_separate",3,"GLSA",0,0.788
"D",17.412,0.782,15.121,17.651,18.188,1.11,48,"CAM-SC_info_separate",4,"GLSA",0,18.176
"lam0",5.171,1.075,3.684,5.015,8.302,1.09,75,"CAM-SC_info_separate",4,"GLSA",0,5.053
"N",1912.722,85.861,1661,1939,1998,1.11,48,"CAM-SC_info_separate",4,"GLSA",0,1996.616
"psi",0.956,0.043,0.829,0.969,0.999,1.12,50,"CAM-SC_info_separate",4,"GLSA",0,0.991
"sigma",4.676,0.346,4.004,4.676,5.345,1.04,111,"CAM-SC_info_separate",4,"GLSA",0,4.7
"D",9.003,0,9.003,9.003,9.003,NA,0,"CAM-SC_info_separate",5,"GLSA",0,9.003
"lam0",0.288,0,0.288,0.288,0.288,NA,0,"CAM-SC_info_separate",5,"GLSA",0,0.288
"N",989,0,989,989,989,NA,0,"CAM-SC_info_separate",5,"GLSA",0,988.93
"psi",0.494,0.011,0.472,0.494,0.517,1,5268,"CAM-SC_info_separate",5,"GLSA",0,0.495
"sigma",0.788,0,0.788,0.788,0.788,NA,0,"CAM-SC_info_separate",5,"GLSA",0,0.788
"D",16.943,1.167,13.409,17.242,18.152,1.2,55,"CAM-SC_info_separate",6,"GLSA",0,18.019
"lam0",7.719,3.245,3.741,6.918,16.233,2.32,72,"CAM-SC_info_separate",6,"GLSA",0,6.281
"N",1861.177,128.15,1473,1894,1994,1.2,55,"CAM-SC_info_separate",6,"GLSA",0,1979.369
"psi",0.93,0.064,0.736,0.947,0.997,1.2,54,"CAM-SC_info_separate",6,"GLSA",0,0.988
"sigma",3.672,0.389,3.028,3.652,4.619,1.15,77,"CAM-SC_info_separate",6,"GLSA",0,3.702
"D",16.64,1.597,12.203,17.228,18.17,1.65,21,"CAM-SC_info_separate",7,"GLSA",0,18.157
"lam0",4.916,1.289,3.058,4.709,8.071,1.07,75,"CAM-SC_info_separate",7,"GLSA",0,4.824
"N",1827.902,175.467,1340.475,1892.5,1996,1.65,21,"CAM-SC_info_separate",7,"GLSA",0,1994.599
"psi",0.913,0.088,0.669,0.946,0.998,1.66,22,"CAM-SC_info_separate",7,"GLSA",0,0.997
"sigma",3.76,0.325,3.164,3.751,4.44,1.12,126,"CAM-SC_info_separate",7,"GLSA",0,3.825
"D",9.003,0,9.003,9.003,9.003,NA,0,"CAM-SC_info_separate",8,"GLSA",0,9.003
"lam0",0.288,0,0.288,0.288,0.288,NA,0,"CAM-SC_info_separate",8,"GLSA",0,0.288
"N",989,0,989,989,989,NA,0,"CAM-SC_info_separate",8,"GLSA",0,988.93
"psi",0.494,0.011,0.472,0.494,0.517,1,5268,"CAM-SC_info_separate",8,"GLSA",0,0.495
"sigma",0.788,0,0.788,0.788,0.788,NA,0,"CAM-SC_info_separate",8,"GLSA",0,0.788
"D",17.548,0.599,15.871,17.706,18.179,1.07,75,"CAM-SC_info_separate",1,"GLSA",15,17.981
"lam0",1.335,0.227,0.968,1.308,1.865,1.01,310,"CAM-SC_info_separate",1,"GLSA",15,1.315
"N",1927.595,65.76,1743.475,1945,1997,1.07,75,"CAM-SC_info_separate",1,"GLSA",15,1975.268
"psi",0.963,0.033,0.871,0.972,0.998,1.07,73,"CAM-SC_info_separate",1,"GLSA",15,0.997
"sigma",5.985,0.461,5.139,5.977,6.952,1.01,315,"CAM-SC_info_separate",1,"GLSA",15,6.2
"D",9.003,0,9.003,9.003,9.003,NA,0,"CAM-SC_info_separate",2,"GLSA",15,9.003
"lam0",0.288,0,0.288,0.288,0.288,NA,0,"CAM-SC_info_separate",2,"GLSA",15,0.288
"N",989,0,989,989,989,NA,0,"CAM-SC_info_separate",2,"GLSA",15,988.93
"psi",0.494,0.011,0.472,0.494,0.517,1,5268,"CAM-SC_info_separate",2,"GLSA",15,0.495
"sigma",0.788,0,0.788,0.788,0.788,NA,0,"CAM-SC_info_separate",2,"GLSA",15,0.788
"D",9.003,0,9.003,9.003,9.003,NA,0,"CAM-SC_info_separate",3,"GLSA",15,9.003
"lam0",0.288,0,0.288,0.288,0.288,NA,0,"CAM-SC_info_separate",3,"GLSA",15,0.288
"N",989,0,989,989,989,NA,0,"CAM-SC_info_separate",3,"GLSA",15,988.93
"psi",0.494,0.011,0.472,0.494,0.517,1,5268,"CAM-SC_info_separate",3,"GLSA",15,0.495
"sigma",0.788,0,0.788,0.788,0.788,NA,0,"CAM-SC_info_separate",3,"GLSA",15,0.788
"D",17.311,0.88,14.811,17.579,18.179,1.1,36,"CAM-SC_info_separate",4,"GLSA",15,18.001
"lam0",1.548,0.276,1.112,1.512,2.203,1.02,295,"CAM-SC_info_separate",4,"GLSA",15,1.521
"N",1901.642,96.623,1627,1931,1997,1.1,36,"CAM-SC_info_separate",4,"GLSA",15,1977.391
"psi",0.95,0.049,0.813,0.965,0.998,1.1,35,"CAM-SC_info_separate",4,"GLSA",15,0.99
"sigma",5.152,0.416,4.398,5.133,6.024,1.02,289,"CAM-SC_info_separate",4,"GLSA",15,4.923
"D",9.003,0,9.003,9.003,9.003,NA,0,"CAM-SC_info_separate",5,"GLSA",15,9.003
"lam0",0.288,0,0.288,0.288,0.288,NA,0,"CAM-SC_info_separate",5,"GLSA",15,0.288
"N",989,0,989,989,989,NA,0,"CAM-SC_info_separate",5,"GLSA",15,988.93
"psi",0.494,0.011,0.472,0.494,0.517,1,5268,"CAM-SC_info_separate",5,"GLSA",15,0.495
"sigma",0.788,0,0.788,0.788,0.788,NA,0,"CAM-SC_info_separate",5,"GLSA",15,0.788
"D",16.717,1.209,13.864,17.051,18.148,1.11,39,"CAM-SC_info_separate",6,"GLSA",15,17.625
"lam0",1.238,0.327,0.782,1.176,2.06,1.03,226,"CAM-SC_info_separate",6,"GLSA",15,1.055
"N",1836.353,132.857,1523,1873,1993.525,1.11,39,"CAM-SC_info_separate",6,"GLSA",15,1936.112
"psi",0.918,0.067,0.76,0.936,0.996,1.11,37,"CAM-SC_info_separate",6,"GLSA",15,0.988
"sigma",4.42,0.417,3.597,4.429,5.221,1.04,341,"CAM-SC_info_separate",6,"GLSA",15,4.521
"D",17.169,0.958,14.738,17.46,18.188,1.01,38,"CAM-SC_info_separate",7,"GLSA",15,18.192
"lam0",1.273,0.33,0.798,1.218,2.068,1.02,278,"CAM-SC_info_separate",7,"GLSA",15,1.158
"N",1886.008,105.199,1619,1918,1998,1.01,38,"CAM-SC_info_separate",7,"GLSA",15,1998.401
"psi",0.943,0.053,0.808,0.959,0.999,1.01,38,"CAM-SC_info_separate",7,"GLSA",15,0.999
"sigma",4.221,0.418,3.466,4.196,5.135,1.02,321,"CAM-SC_info_separate",7,"GLSA",15,4.279
"D",9.003,0,9.003,9.003,9.003,NA,0,"CAM-SC_info_separate",8,"GLSA",15,9.003
"lam0",0.288,0,0.288,0.288,0.288,NA,0,"CAM-SC_info_separate",8,"GLSA",15,0.288
"N",989,0,989,989,989,NA,0,"CAM-SC_info_separate",8,"GLSA",15,988.93
"psi",0.494,0.011,0.472,0.494,0.517,1,5268,"CAM-SC_info_separate",8,"GLSA",15,0.495
"sigma",0.788,0,0.788,0.788,0.788,NA,0,"CAM-SC_info_separate",8,"GLSA",15,0.788
"D",17.513,0.672,15.671,17.742,18.188,1.11,56,"CAM-SC_info_separate",1,"GLSA",60,18.183
"lam0",1.008,0.158,0.741,0.991,1.352,1,543,"CAM-SC_info_separate",1,"GLSA",60,0.951
"N",1923.815,73.813,1721.475,1949,1998,1.11,56,"CAM-SC_info_separate",1,"GLSA",60,1997.396
"psi",0.961,0.037,0.86,0.974,0.999,1.11,56,"CAM-SC_info_separate",1,"GLSA",60,0.996
"sigma",6.195,0.504,5.217,6.193,7.201,1.01,373,"CAM-SC_info_separate",1,"GLSA",60,6.241
"D",9.003,0,9.003,9.003,9.003,NA,0,"CAM-SC_info_separate",2,"GLSA",60,9.003
"lam0",0.288,0,0.288,0.288,0.288,NA,0,"CAM-SC_info_separate",2,"GLSA",60,0.288
"N",989,0,989,989,989,NA,0,"CAM-SC_info_separate",2,"GLSA",60,988.93
"psi",0.494,0.011,0.472,0.494,0.517,1,5268,"CAM-SC_info_separate",2,"GLSA",60,0.495
"sigma",0.788,0,0.788,0.788,0.788,NA,0,"CAM-SC_info_separate",2,"GLSA",60,0.788
"D",9.003,0,9.003,9.003,9.003,NA,0,"CAM-SC_info_separate",3,"GLSA",60,9.003
"lam0",0.288,0,0.288,0.288,0.288,NA,0,"CAM-SC_info_separate",3,"GLSA",60,0.288
"N",989,0,989,989,989,NA,0,"CAM-SC_info_separate",3,"GLSA",60,988.93
"psi",0.494,0.011,0.472,0.494,0.517,1,5268,"CAM-SC_info_separate",3,"GLSA",60,0.495
"sigma",0.788,0,0.788,0.788,0.788,NA,0,"CAM-SC_info_separate",3,"GLSA",60,0.788
"D",17.483,0.701,15.412,17.706,18.188,1.1,66,"CAM-SC_info_separate",4,"GLSA",60,18.17
"lam0",1.221,0.228,0.88,1.19,1.784,1.02,320,"CAM-SC_info_separate",4,"GLSA",60,1.152
"N",1920.455,76.964,1693,1945,1998,1.1,66,"CAM-SC_info_separate",4,"GLSA",60,1996.016
"psi",0.96,0.039,0.844,0.972,0.999,1.1,67,"CAM-SC_info_separate",4,"GLSA",60,0.998
"sigma",5.287,0.438,4.445,5.279,6.179,1.03,332,"CAM-SC_info_separate",4,"GLSA",60,5.198
"D",9.003,0,9.003,9.003,9.003,NA,0,"CAM-SC_info_separate",5,"GLSA",60,9.003
"lam0",0.288,0,0.288,0.288,0.288,NA,0,"CAM-SC_info_separate",5,"GLSA",60,0.288
"N",989,0,989,989,989,NA,0,"CAM-SC_info_separate",5,"GLSA",60,988.93
"psi",0.494,0.011,0.472,0.494,0.517,1,5268,"CAM-SC_info_separate",5,"GLSA",60,0.495
"sigma",0.788,0,0.788,0.788,0.788,NA,0,"CAM-SC_info_separate",5,"GLSA",60,0.788
"D",17.232,0.856,14.92,17.487,18.17,1.05,42,"CAM-SC_info_separate",6,"GLSA",60,18.112
"lam0",1.034,0.285,0.639,0.986,1.77,1.02,291,"CAM-SC_info_separate",6,"GLSA",60,0.956
"N",1892.949,94.004,1639,1921,1996,1.05,42,"CAM-SC_info_separate",6,"GLSA",60,1989.633
"psi",0.946,0.047,0.818,0.96,0.998,1.05,47,"CAM-SC_info_separate",6,"GLSA",60,0.995
"sigma",4.351,0.409,3.604,4.341,5.185,1.01,415,"CAM-SC_info_separate",6,"GLSA",60,4.316
"D",17.179,0.866,14.984,17.396,18.17,1.03,52,"CAM-SC_info_separate",7,"GLSA",60,18.136
"lam0",0.997,0.255,0.633,0.958,1.597,1.05,350,"CAM-SC_info_separate",7,"GLSA",60,0.905
"N",1887.165,95.157,1646,1911,1996,1.03,52,"CAM-SC_info_separate",7,"GLSA",60,1992.215
"psi",0.943,0.048,0.822,0.955,0.998,1.03,48,"CAM-SC_info_separate",7,"GLSA",60,0.996
"sigma",4.32,0.402,3.588,4.305,5.177,1.03,414,"CAM-SC_info_separate",7,"GLSA",60,4.326
"D",9.003,0,9.003,9.003,9.003,NA,0,"CAM-SC_info_separate",8,"GLSA",60,9.003
"lam0",0.288,0,0.288,0.288,0.288,NA,0,"CAM-SC_info_separate",8,"GLSA",60,0.288
"N",989,0,989,989,989,NA,0,"CAM-SC_info_separate",8,"GLSA",60,988.93
"psi",0.494,0.011,0.472,0.494,0.517,1,5268,"CAM-SC_info_separate",8,"GLSA",60,0.495
"sigma",0.788,0,0.788,0.788,0.788,NA,0,"CAM-SC_info_separate",8,"GLSA",60,0.788
"D",17.641,0.467,16.504,17.751,18.198,1.07,86,"CAM-SC_info_separate",1,"GLSA",1440,18.2
"lam0",0.645,0.113,0.465,0.631,0.898,1.01,677,"CAM-SC_info_separate",1,"GLSA",1440,0.577
"N",1937.858,51.253,1813,1950,1999,1.07,86,"CAM-SC_info_separate",1,"GLSA",1440,1999.281
"psi",0.969,0.026,0.906,0.975,0.999,1.07,85,"CAM-SC_info_separate",1,"GLSA",1440,0.999
"sigma",6.253,0.507,5.295,6.235,7.29,1.01,536,"CAM-SC_info_separate",1,"GLSA",1440,5.982
"D",17.266,0.867,14.866,17.533,18.161,1.11,45,"CAM-SC_info_separate",2,"GLSA",1440,18.046
"lam0",0.789,0.183,0.518,0.762,1.208,1.02,488,"CAM-SC_info_separate",2,"GLSA",1440,0.677
"N",1896.684,95.22,1633,1926,1995,1.11,45,"CAM-SC_info_separate",2,"GLSA",1440,1982.336
"psi",0.948,0.048,0.815,0.963,0.998,1.11,46,"CAM-SC_info_separate",2,"GLSA",1440,0.988
"sigma",4.701,0.449,3.863,4.684,5.65,1,464,"CAM-SC_info_separate",2,"GLSA",1440,4.627
"D",17.62,0.474,16.495,17.733,18.193,1,84,"CAM-SC_info_separate",3,"GLSA",1440,18.197
"lam0",0.771,0.123,0.555,0.761,1.043,1.01,711,"CAM-SC_info_separate",3,"GLSA",1440,0.767
"N",1935.551,52.043,1812,1948,1998.525,1,84,"CAM-SC_info_separate",3,"GLSA",1440,1998.95
"psi",0.967,0.026,0.905,0.974,0.999,1,87,"CAM-SC_info_separate",3,"GLSA",1440,0.993
"sigma",6.421,0.515,5.482,6.398,7.53,1.01,437,"CAM-SC_info_separate",3,"GLSA",1440,6.308
"D",17.362,0.695,15.671,17.533,18.188,1.13,67,"CAM-SC_info_separate",4,"GLSA",1440,18
"lam0",0.73,0.138,0.509,0.71,1.053,1.03,684,"CAM-SC_info_separate",4,"GLSA",1440,0.697
"N",1907.2,76.377,1721.475,1926,1998,1.13,67,"CAM-SC_info_separate",4,"GLSA",1440,1977.266
"psi",0.953,0.038,0.86,0.962,0.999,1.13,64,"CAM-SC_info_separate",4,"GLSA",1440,0.989
"sigma",5.47,0.46,4.553,5.456,6.374,1.03,509,"CAM-SC_info_separate",4,"GLSA",1440,5.353
"D",17.22,0.779,15.266,17.442,18.143,1.27,60,"CAM-SC_info_separate",5,"GLSA",1440,17.833
"lam0",0.792,0.163,0.536,0.769,1.163,1.02,540,"CAM-SC_info_separate",5,"GLSA",1440,0.757
"N",1891.568,85.541,1677,1916,1993,1.27,60,"CAM-SC_info_separate",5,"GLSA",1440,1958.983
"psi",0.945,0.043,0.837,0.957,0.996,1.28,73,"CAM-SC_info_separate",5,"GLSA",1440,0.979
"sigma",5.182,0.447,4.355,5.168,6.106,1.01,508,"CAM-SC_info_separate",5,"GLSA",1440,5.09
"D",17.418,0.738,15.48,17.642,18.179,1.03,50,"CAM-SC_info_separate",6,"GLSA",1440,18.044
"lam0",0.707,0.176,0.446,0.678,1.121,1.03,604,"CAM-SC_info_separate",6,"GLSA",1440,0.64
"N",1913.362,81.019,1700.475,1938,1997,1.03,50,"CAM-SC_info_separate",6,"GLSA",1440,1982.148
"psi",0.956,0.041,0.849,0.969,0.998,1.03,48,"CAM-SC_info_separate",6,"GLSA",1440,0.997
"sigma",4.569,0.441,3.765,4.544,5.504,1.01,523,"CAM-SC_info_separate",6,"GLSA",1440,4.432
"D",17.16,0.997,14.365,17.433,18.17,1.09,63,"CAM-SC_info_separate",7,"GLSA",1440,18.043
"lam0",0.668,0.17,0.426,0.64,1.097,1.01,531,"CAM-SC_info_separate",7,"GLSA",1440,0.649
"N",1885.042,109.57,1578,1915,1996,1.09,63,"CAM-SC_info_separate",7,"GLSA",1440,1982.002
"psi",0.942,0.055,0.787,0.957,0.998,1.09,61,"CAM-SC_info_separate",7,"GLSA",1440,0.993
"sigma",4.498,0.441,3.674,4.487,5.408,1.02,561,"CAM-SC_info_separate",7,"GLSA",1440,4.508
"D",17.558,0.552,15.967,17.688,18.188,1.11,94,"CAM-SC_info_separate",8,"GLSA",1440,18.171
"lam0",0.83,0.156,0.582,0.812,1.192,1.01,534,"CAM-SC_info_separate",8,"GLSA",1440,0.847
"N",1928.698,60.626,1754,1943,1998,1.11,94,"CAM-SC_info_separate",8,"GLSA",1440,1996.068
"psi",0.964,0.03,0.877,0.971,0.999,1.11,92,"CAM-SC_info_separate",8,"GLSA",1440,0.998
"sigma",5.608,0.456,4.811,5.581,6.571,1,512,"CAM-SC_info_separate",8,"GLSA",1440,5.538
