$sp.cr
[1] "GLSA"

$mod
JAGS output for model 'SCR_multigrid.txt', generated by jagsUI.
Estimates based on 3 chains of 2500 iterations,
adaptation = 500 iterations (sufficient),
burn-in = 500 iterations and thin rate = 1,
yielding 6000 total samples from the joint posterior. 
MCMC ran in parallel for 105.529 minutes at time 2023-02-05 04:34:57.

            mean     sd    2.5%     50%   97.5% overlap0 f  Rhat n.eff
lam0       0.063  0.005   0.053   0.063   0.073    FALSE 1 1.010   224
sigma     39.300  1.400  36.645  39.281  42.155    FALSE 1 1.011   178
psim[1]    0.338  0.062   0.233   0.332   0.473    FALSE 1 1.015   142
psim[2]    0.374  0.064   0.259   0.370   0.508    FALSE 1 1.005   449
psim[3]    0.459  0.069   0.337   0.453   0.604    FALSE 1 1.008   326
psim[4]    0.194  0.058   0.098   0.187   0.325    FALSE 1 1.001  5132
psim[5]    0.245  0.053   0.152   0.240   0.358    FALSE 1 1.003  1102
psim[6]    0.367  0.069   0.248   0.363   0.515    FALSE 1 1.002   991
psim[7]    0.293  0.057   0.190   0.289   0.414    FALSE 1 1.001  4930
psim[8]    0.365  0.062   0.254   0.362   0.502    FALSE 1 1.002  6000
psim[9]    0.184  0.054   0.095   0.179   0.302    FALSE 1 1.006   465
N[1]     131.329 22.388  93.000 129.000 181.000    FALSE 1 1.015   140
N[2]     145.301 23.126 105.000 144.000 195.000    FALSE 1 1.005   405
N[3]     178.913 25.106 135.000 177.000 233.000    FALSE 1 1.011   259
N[4]      74.868 21.171  40.000  73.000 123.000    FALSE 1 1.001  5772
N[5]      94.895 18.962  61.000  93.000 136.000    FALSE 1 1.003  1248
N[6]     142.723 25.082  99.000 141.000 197.000    FALSE 1 1.002   964
N[7]     113.797 20.636  77.000 112.000 158.000    FALSE 1 1.001  3865
N[8]     142.196 22.779 101.000 141.000 192.000    FALSE 1 1.003  6000
N[9]      70.752 19.780  38.000  69.000 114.000    FALSE 1 1.006   512
D[1]       2.350  0.401   1.664   2.309   3.239    FALSE 1 1.015   140
D[2]       2.600  0.414   1.879   2.577   3.490    FALSE 1 1.005   405
D[3]       3.202  0.449   2.416   3.168   4.170    FALSE 1 1.011   259
D[4]       1.340  0.379   0.716   1.306   2.201    FALSE 1 1.001  5772
D[5]       1.698  0.339   1.092   1.664   2.434    FALSE 1 1.003  1248
D[6]       2.554  0.449   1.772   2.523   3.526    FALSE 1 1.002   964
D[7]       2.037  0.369   1.378   2.004   2.828    FALSE 1 1.001  3865
D[8]       2.545  0.408   1.808   2.523   3.436    FALSE 1 1.003  6000
D[9]       1.266  0.354   0.680   1.235   2.040    FALSE 1 1.006   512
zm[1,1]    1.000  0.000   1.000   1.000   1.000    FALSE 1    NA     1
zm[2,1]    1.000  0.000   1.000   1.000   1.000    FALSE 1    NA     1
zm[3,1]    1.000  0.000   1.000   1.000   1.000    FALSE 1    NA     1
zm[4,1]    1.000  0.000   1.000   1.000   1.000    FALSE 1    NA     1
zm[5,1]    1.000  0.000   1.000   1.000   1.000    FALSE 1    NA     1
zm[6,1]    1.000  0.000   1.000   1.000   1.000    FALSE 1    NA     1
zm[7,1]    1.000  0.000   1.000   1.000   1.000    FALSE 1    NA     1
zm[8,1]    1.000  0.000   1.000   1.000   1.000    FALSE 1    NA     1
zm[9,1]    1.000  0.000   1.000   1.000   1.000    FALSE 1    NA     1
zm[1,2]    1.000  0.000   1.000   1.000   1.000    FALSE 1    NA     1
zm[2,2]    1.000  0.000   1.000   1.000   1.000    FALSE 1    NA     1
zm[3,2]    1.000  0.000   1.000   1.000   1.000    FALSE 1    NA     1
zm[4,2]    1.000  0.000   1.000   1.000   1.000    FALSE 1    NA     1
zm[5,2]    1.000  0.000   1.000   1.000   1.000    FALSE 1    NA     1
zm[6,2]    1.000  0.000   1.000   1.000   1.000    FALSE 1    NA     1
zm[7,2]    1.000  0.000   1.000   1.000   1.000    FALSE 1    NA     1
zm[8,2]    1.000  0.000   1.000   1.000   1.000    FALSE 1    NA     1
zm[9,2]    1.000  0.000   1.000   1.000   1.000    FALSE 1    NA     1
zm[1,3]    1.000  0.000   1.000   1.000   1.000    FALSE 1    NA     1
zm[2,3]    1.000  0.000   1.000   1.000   1.000    FALSE 1    NA     1
zm[3,3]    1.000  0.000   1.000   1.000   1.000    FALSE 1    NA     1
zm[4,3]    1.000  0.000   1.000   1.000   1.000    FALSE 1    NA     1
zm[5,3]    1.000  0.000   1.000   1.000   1.000    FALSE 1    NA     1
zm[6,3]    1.000  0.000   1.000   1.000   1.000    FALSE 1    NA     1
zm[7,3]    1.000  0.000   1.000   1.000   1.000    FALSE 1    NA     1
zm[8,3]    1.000  0.000   1.000   1.000   1.000    FALSE 1    NA     1
zm[9,3]    1.000  0.000   1.000   1.000   1.000    FALSE 1    NA     1
zm[1,4]    1.000  0.000   1.000   1.000   1.000    FALSE 1    NA     1
zm[2,4]    1.000  0.000   1.000   1.000   1.000    FALSE 1    NA     1
zm[3,4]    1.000  0.000   1.000   1.000   1.000    FALSE 1    NA     1
zm[4,4]    1.000  0.000   1.000   1.000   1.000    FALSE 1    NA     1
zm[5,4]    1.000  0.000   1.000   1.000   1.000    FALSE 1    NA     1
zm[6,4]    1.000  0.000   1.000   1.000   1.000    FALSE 1    NA     1
zm[7,4]    1.000  0.000   1.000   1.000   1.000    FALSE 1    NA     1
zm[8,4]    1.000  0.000   1.000   1.000   1.000    FALSE 1    NA     1
zm[9,4]    1.000  0.000   1.000   1.000   1.000    FALSE 1    NA     1
zm[1,5]    1.000  0.000   1.000   1.000   1.000    FALSE 1    NA     1
zm[2,5]    1.000  0.000   1.000   1.000   1.000    FALSE 1    NA     1
zm[3,5]    1.000  0.000   1.000   1.000   1.000    FALSE 1    NA     1
zm[4,5]    1.000  0.000   1.000   1.000   1.000    FALSE 1    NA     1
zm[5,5]    1.000  0.000   1.000   1.000   1.000    FALSE 1    NA     1
zm[6,5]    1.000  0.000   1.000   1.000   1.000    FALSE 1    NA     1
zm[7,5]    1.000  0.000   1.000   1.000   1.000    FALSE 1    NA     1
zm[8,5]    1.000  0.000   1.000   1.000   1.000    FALSE 1    NA     1
zm[9,5]    1.000  0.000   1.000   1.000   1.000    FALSE 1    NA     1
zm[1,6]    1.000  0.000   1.000   1.000   1.000    FALSE 1    NA     1
zm[2,6]    1.000  0.000   1.000   1.000   1.000    FALSE 1    NA     1
zm[3,6]    1.000  0.000   1.000   1.000   1.000    FALSE 1    NA     1
zm[4,6]    1.000  0.000   1.000   1.000   1.000    FALSE 1    NA     1
zm[5,6]    1.000  0.000   1.000   1.000   1.000    FALSE 1    NA     1
zm[6,6]    1.000  0.000   1.000   1.000   1.000    FALSE 1    NA     1
zm[7,6]    1.000  0.000   1.000   1.000   1.000    FALSE 1    NA     1
zm[8,6]    1.000  0.000   1.000   1.000   1.000    FALSE 1    NA     1
zm[9,6]    1.000  0.000   1.000   1.000   1.000    FALSE 1    NA     1
zm[1,7]    1.000  0.000   1.000   1.000   1.000    FALSE 1    NA     1
zm[2,7]    1.000  0.000   1.000   1.000   1.000    FALSE 1    NA     1
zm[3,7]    1.000  0.000   1.000   1.000   1.000    FALSE 1    NA     1
zm[4,7]    1.000  0.000   1.000   1.000   1.000    FALSE 1    NA     1
zm[5,7]    1.000  0.000   1.000   1.000   1.000    FALSE 1    NA     1
zm[6,7]    1.000  0.000   1.000   1.000   1.000    FALSE 1    NA     1
zm[7,7]    1.000  0.000   1.000   1.000   1.000    FALSE 1    NA     1
zm[8,7]    1.000  0.000   1.000   1.000   1.000    FALSE 1    NA     1
zm[9,7]    1.000  0.000   1.000   1.000   1.000    FALSE 1    NA     1
zm[1,8]    1.000  0.000   1.000   1.000   1.000    FALSE 1    NA     1
zm[2,8]    1.000  0.000   1.000   1.000   1.000    FALSE 1    NA     1
zm[3,8]    1.000  0.000   1.000   1.000   1.000    FALSE 1    NA     1
zm[4,8]    1.000  0.000   1.000   1.000   1.000    FALSE 1    NA     1
zm[5,8]    1.000  0.000   1.000   1.000   1.000    FALSE 1    NA     1
zm[6,8]    1.000  0.000   1.000   1.000   1.000    FALSE 1    NA     1
zm[7,8]    1.000  0.000   1.000   1.000   1.000    FALSE 1    NA     1
zm[8,8]    1.000  0.000   1.000   1.000   1.000    FALSE 1    NA     1
zm[9,8]    1.000  0.000   1.000   1.000   1.000    FALSE 1    NA     1
zm[1,9]    1.000  0.000   1.000   1.000   1.000    FALSE 1    NA     1
zm[2,9]    1.000  0.000   1.000   1.000   1.000    FALSE 1    NA     1
zm[3,9]    1.000  0.000   1.000   1.000   1.000    FALSE 1    NA     1
zm[4,9]    1.000  0.000   1.000   1.000   1.000    FALSE 1    NA     1
zm[5,9]    1.000  0.000   1.000   1.000   1.000    FALSE 1    NA     1
zm[6,9]    1.000  0.000   1.000   1.000   1.000    FALSE 1    NA     1
zm[7,9]    1.000  0.000   1.000   1.000   1.000    FALSE 1    NA     1
zm[8,9]    1.000  0.000   1.000   1.000   1.000    FALSE 1    NA     1
zm[9,9]    1.000  0.000   1.000   1.000   1.000    FALSE 1    NA     1
zm[1,10]   1.000  0.000   1.000   1.000   1.000    FALSE 1    NA     1
 [ reached 'max' / getOption("max.print") -- omitted 10449 rows ]

Successful convergence based on Rhat values (all < 1.1). 
Rhat is the potential scale reduction factor (at convergence, Rhat=1). 
For each parameter, n.eff is a crude measure of effective sample size. 

overlap0 checks if 0 falls in the parameter's 95% credible interval.
f is the proportion of the posterior with the same sign as the mean;
i.e., our confidence that the parameter is positive or negative.

DIC info: (pD = var(deviance)/2) 
pD = 1236.9 and DIC = 4080.544 
DIC is an estimate of expected predictive error (lower is better).

$Dhat
    var1     var2     var3     var4     var5     var6     var7     var8     var9 
2.327091 2.542563 3.117026 1.215095 1.683688 2.380905 1.914581 2.489525 1.038507 

$Nhat
     var1      var2      var3      var4      var5      var6      var7      var8      var9 
130.02722 142.06682 174.16517  67.89398  94.07680 133.03410 106.97806 139.10328  58.02704 

$SArea
[1] 55.87544

