$sp.cr
[1] "GLSA"

$mod
JAGS output for model 'SCR_multigrid_randomeffect.txt', generated by jagsUI.
Estimates based on 3 chains of 2500 iterations,
adaptation = 500 iterations (sufficient),
burn-in = 500 iterations and thin rate = 1,
yielding 6000 total samples from the joint posterior. 
MCMC ran in parallel for 105.234 minutes at time 2023-02-05 13:07:28.

                     mean     sd    2.5%     50%   97.5% overlap0     f  Rhat n.eff
allgrids.mu.lam     0.062  0.007   0.050   0.061   0.076    FALSE 1.000 1.031    79
sd.log.lam0         0.141  0.101   0.003   0.124   0.391    FALSE 1.000 1.001  6000
allgrids.mu.sigma  39.460  1.826  36.084  39.372  42.985    FALSE 1.000 1.041    55
sd.log.sigma        0.055  0.045   0.003   0.046   0.170    FALSE 1.000 1.021   126
lam0[1]             0.058  0.008   0.042   0.058   0.074    FALSE 1.000 1.016   163
lam0[2]             0.065  0.009   0.050   0.064   0.084    FALSE 1.000 1.023    99
lam0[3]             0.063  0.008   0.049   0.063   0.079    FALSE 1.000 1.023   132
lam0[4]             0.064  0.011   0.045   0.063   0.089    FALSE 1.000 1.013   165
lam0[5]             0.063  0.009   0.047   0.062   0.082    FALSE 1.000 1.017   142
lam0[6]             0.058  0.008   0.041   0.058   0.073    FALSE 1.000 1.018   154
lam0[7]             0.071  0.011   0.054   0.069   0.097    FALSE 1.000 1.010   221
lam0[8]             0.060  0.008   0.044   0.060   0.076    FALSE 1.000 1.014   166
lam0[9]             0.059  0.010   0.039   0.059   0.080    FALSE 1.000 1.010   238
sigma[1]           38.077  2.606  32.530  38.250  42.587    FALSE 1.000 1.036    61
sigma[2]           38.592  2.323  33.794  38.632  42.943    FALSE 1.000 1.047    49
sigma[3]           39.759  2.194  35.753  39.624  44.468    FALSE 1.000 1.021   110
sigma[4]           40.396  2.837  35.668  40.068  47.060    FALSE 1.000 1.014   184
sigma[5]           39.228  2.390  34.505  39.172  44.193    FALSE 1.000 1.025    84
sigma[6]           39.104  2.379  34.401  39.072  43.922    FALSE 1.000 1.016   137
sigma[7]           40.750  2.329  36.971  40.535  45.947    FALSE 1.000 1.005   462
sigma[8]           40.293  2.299  36.573  40.049  45.755    FALSE 1.000 1.012   205
sigma[9]           39.430  2.755  33.954  39.375  44.904    FALSE 1.000 1.030    74
psim[1]             0.361  0.069   0.239   0.358   0.509    FALSE 1.000 1.010   287
psim[2]             0.377  0.065   0.258   0.375   0.509    FALSE 1.000 1.005  4097
psim[3]             0.463  0.075   0.329   0.460   0.619    FALSE 1.000 1.005   951
psim[4]             0.187  0.059   0.092   0.180   0.322    FALSE 1.000 1.001  1671
psim[5]             0.245  0.054   0.152   0.242   0.358    FALSE 1.000 1.003   817
psim[6]             0.385  0.078   0.246   0.380   0.552    FALSE 1.000 1.003  3189
psim[7]             0.272  0.054   0.177   0.268   0.387    FALSE 1.000 1.010   260
psim[8]             0.364  0.068   0.243   0.360   0.508    FALSE 1.000 1.007   314
psim[9]             0.186  0.060   0.089   0.178   0.326    FALSE 1.000 1.011   239
N[1]              140.605 25.458  97.000 139.000 196.000    FALSE 1.000 1.011   265
N[2]              146.786 23.745 103.000 146.000 196.000    FALSE 1.000 1.005  6000
N[3]              180.422 27.644 132.000 179.000 239.000    FALSE 1.000 1.006   816
N[4]               72.447 21.662  38.000  70.000 122.000    FALSE 1.000 1.001  1668
N[5]               94.890 19.358  61.000  93.000 135.000    FALSE 1.000 1.003   901
N[6]              149.831 28.761 100.000 148.000 212.000    FALSE 1.000 1.002  3595
N[7]              105.396 19.023  72.000 104.000 146.000    FALSE 1.000 1.010   246
N[8]              141.893 24.951  98.000 140.000 194.000    FALSE 1.000 1.008   303
N[9]               71.961 22.329  37.000  69.000 123.000    FALSE 1.000 1.010   248
D[1]                2.516  0.456   1.736   2.488   3.508    FALSE 1.000 1.011   265
D[2]                2.627  0.425   1.843   2.613   3.508    FALSE 1.000 1.005  6000
D[3]                3.229  0.495   2.362   3.204   4.277    FALSE 1.000 1.006   816
D[4]                1.297  0.388   0.680   1.253   2.183    FALSE 1.000 1.001  1668
D[5]                1.698  0.346   1.092   1.664   2.416    FALSE 1.000 1.003   901
D[6]                2.682  0.515   1.790   2.649   3.794    FALSE 1.000 1.002  3595
D[7]                1.886  0.340   1.289   1.861   2.613    FALSE 1.000 1.010   246
D[8]                2.539  0.447   1.754   2.506   3.472    FALSE 1.000 1.008   303
D[9]                1.288  0.400   0.662   1.235   2.201    FALSE 1.000 1.010   248
S[1,1,1]          106.936 22.331  62.916 107.209 149.574    FALSE 1.000 1.001  5527
S[2,1,1]          173.260 22.624 127.582 173.645 216.134    FALSE 1.000 1.001  6000
S[3,1,1]           70.345 46.667 -25.271  72.790 155.132     TRUE 0.920 1.001  6000
S[4,1,1]          201.703 29.632 145.188 200.725 261.753    FALSE 1.000 1.000  6000
S[5,1,1]          -17.513 40.385 -93.143 -19.024  64.141     TRUE 0.677 1.001  1691
S[6,1,1]          248.304 43.405 165.750 247.038 335.591    FALSE 1.000 1.000  6000
S[7,1,1]          216.575 25.616 168.162 215.722 268.370    FALSE 1.000 1.002  1079
S[8,1,1]          244.284 21.884 200.868 244.430 286.551    FALSE 1.000 1.002  6000
S[9,1,1]          228.828 23.566 184.156 228.429 276.118    FALSE 1.000 1.000  6000
S[1,2,1]          207.128 15.910 175.514 207.232 238.034    FALSE 1.000 1.000  6000
S[2,2,1]          -17.703 39.599 -89.884 -19.432  65.002     TRUE 0.690 1.001  3760
S[3,2,1]           49.531 15.280  19.774  49.812  79.273    FALSE 0.999 1.000  6000
S[4,2,1]          298.323 40.321 215.639 299.720 371.393    FALSE 1.000 1.001  1745
S[5,2,1]          268.826 20.937 226.917 269.186 309.068    FALSE 1.000 1.002  6000
S[6,2,1]           92.261 23.493  45.306  92.790 138.253    FALSE 1.000 1.000  6000
S[7,2,1]           86.313 16.874  53.330  86.296 119.789    FALSE 1.000 1.001  6000
S[8,2,1]          231.810 21.106 190.770 231.937 273.926    FALSE 1.000 1.000  6000
S[9,2,1]          202.890 42.028 125.252 201.019 290.763    FALSE 1.000 1.001  3602
S[1,3,1]           20.120 23.692 -26.156  20.167  66.698     TRUE 0.797 1.001  3150
S[2,3,1]          105.945 22.273  62.018 106.038 149.945    FALSE 1.000 1.000  6000
S[3,3,1]          307.375 39.428 223.425 310.462 378.793    FALSE 1.000 1.001  1579
S[4,3,1]          106.358 23.919  59.567 106.175 153.413    FALSE 1.000 1.000  4416
S[5,3,1]           99.818 16.161  68.244  99.748 131.271    FALSE 1.000 1.004   502
S[6,3,1]          229.658 24.050 184.045 229.034 278.816    FALSE 1.000 1.001  4295
S[7,3,1]           75.810 31.687  11.224  76.495 135.882    FALSE 0.989 1.002  1650
S[8,3,1]           75.558 44.048 -17.233  77.986 154.903     TRUE 0.949 1.002   973
S[9,3,1]          160.599 40.389  82.124 160.635 240.132    FALSE 1.000 1.001  6000
S[1,4,1]           76.523 40.397  -3.527  77.531 154.896     TRUE 0.970 1.001  3150
S[2,4,1]          205.580 14.055 177.321 205.839 233.138    FALSE 1.000 1.001  6000
S[3,4,1]          118.065 42.083  31.908 119.024 200.053    FALSE 0.995 1.001  6000
S[4,4,1]          228.180 23.593 183.108 227.958 274.923    FALSE 1.000 1.000  6000
S[5,4,1]          159.782 22.282 116.020 159.943 203.025    FALSE 1.000 1.001  2260
S[6,4,1]          -21.504 38.930 -91.895 -24.308  61.786     TRUE 0.734 1.001  2678
S[7,4,1]          119.643 18.293  83.202 119.880 155.328    FALSE 1.000 1.000  6000
S[8,4,1]          264.211 47.695 168.575 265.595 351.337    FALSE 1.000 1.001  4961
S[9,4,1]          204.301 42.197 125.363 202.905 290.856    FALSE 1.000 1.000  6000
S[1,5,1]          180.215 27.111 126.912 180.112 233.012    FALSE 1.000 1.000  6000
S[2,5,1]          276.137 20.879 235.079 276.103 317.272    FALSE 1.000 1.002  1088
S[3,5,1]          180.337 28.223 124.687 180.578 234.427    FALSE 1.000 1.001  2064
S[4,5,1]          -10.460 41.219 -88.357 -11.824  72.327     TRUE 0.606 1.001  1959
S[5,5,1]           29.216 43.473 -53.461  29.346 113.045     TRUE 0.744 1.000  6000
S[6,5,1]           56.158 29.267  -3.443  56.813 111.756     TRUE 0.968 1.001  4855
S[7,5,1]          -20.752 42.126 -96.969 -23.510  66.571     TRUE 0.700 1.001  6000
S[8,5,1]          135.455 17.952  99.598 135.442 170.781    FALSE 1.000 1.001  4702
S[9,5,1]          160.316 19.658 121.586 160.376 198.612    FALSE 1.000 1.000  6000
S[1,6,1]            5.480 22.859 -40.203   5.573  49.779     TRUE 0.589 1.000  6000
S[2,6,1]          277.376 20.629 237.387 277.429 317.869    FALSE 1.000 1.000  6000
S[3,6,1]           17.579 19.005 -19.637  17.497  55.632     TRUE 0.827 1.000  6000
S[4,6,1]          222.831 30.509 164.516 222.329 284.123    FALSE 1.000 1.002  6000
S[5,6,1]           14.767 46.006 -67.300  13.598 105.768     TRUE 0.607 1.000  6000
S[6,6,1]          -12.565 40.497 -88.162 -13.934  70.229     TRUE 0.627 1.001  6000
S[7,6,1]          120.452 40.851  40.655 120.099 200.355    FALSE 0.997 1.001  6000
S[8,6,1]          105.990 23.678  58.727 106.113 152.091    FALSE 1.000 1.001  1297
S[9,6,1]          159.188 27.848 105.206 159.169 213.081    FALSE 1.000 1.000  6000
S[1,7,1]          200.720 28.027 146.811 200.449 256.212    FALSE 1.000 1.003  2586
S[2,7,1]          119.982 40.086  38.287 120.540 197.803    FALSE 0.996 1.002  3606
S[3,7,1]          117.123 42.993  27.682 117.928 198.580    FALSE 0.992 1.000  6000
S[4,7,1]          267.134 30.620 207.121 267.210 326.564    FALSE 1.000 1.000  6000
S[5,7,1]           54.552 31.073  -9.104  55.951 112.661     TRUE 0.956 1.001  6000
S[6,7,1]          247.738 42.601 165.144 246.659 330.365    FALSE 1.000 1.001  3377
S[7,7,1]          301.754 41.939 214.443 304.693 377.681    FALSE 1.000 1.001  2797
S[8,7,1]           23.947 22.000 -20.107  24.206  66.457     TRUE 0.859 1.000  6000
 [ reached 'max' / getOption("max.print") -- omitted 6959 rows ]

Successful convergence based on Rhat values (all < 1.1). 
Rhat is the potential scale reduction factor (at convergence, Rhat=1). 
For each parameter, n.eff is a crude measure of effective sample size. 

overlap0 checks if 0 falls in the parameter's 95% credible interval.
f is the proportion of the posterior with the same sign as the mean;
i.e., our confidence that the parameter is positive or negative.

DIC info: (pD = var(deviance)/2) 
pD = 1307.8 and DIC = 4155.21 
DIC is an estimate of expected predictive error (lower is better).

$Dhat
    var1     var2     var3     var4     var5     var6     var7     var8     var9 
2.383971 2.720814 3.021420 1.144325 1.681296 2.591936 1.628955 2.416931 1.145138 

$Nhat
     var1      var2      var3      var4      var5      var6      var7      var8      var9 
133.20544 152.02666 168.82316  63.93967  93.94316 144.82555  91.01859 135.04707  63.98510 

$SArea
[1] 55.87544

