$sp.cr
[1] "PEMA"

$mod
JAGS output for model 'SCR_multigrid.txt', generated by jagsUI.
Estimates based on 3 chains of 2500 iterations,
adaptation = 500 iterations (sufficient),
burn-in = 500 iterations and thin rate = 1,
yielding 6000 total samples from the joint posterior. 
MCMC ran in parallel for 297.824 minutes at time 2023-02-04 23:34:37.

            mean     sd    2.5%     50%   97.5% overlap0 f  Rhat n.eff
lam0       0.065  0.005   0.056   0.065   0.075    FALSE 1 1.003   808
sigma     12.674  0.411  11.905  12.665  13.555    FALSE 1 1.003   668
psim[1]    0.156  0.034   0.098   0.154   0.231    FALSE 1 1.002  6000
psim[2]    0.438  0.053   0.341   0.434   0.548    FALSE 1 1.004  1935
psim[3]    0.291  0.044   0.213   0.289   0.382    FALSE 1 1.005  2075
psim[4]    0.152  0.032   0.096   0.150   0.223    FALSE 1 1.002  5765
psim[5]    0.302  0.046   0.220   0.299   0.400    FALSE 1 1.003   944
psim[6]    0.307  0.046   0.222   0.304   0.402    FALSE 1 1.007   290
psim[7]    0.428  0.056   0.323   0.426   0.541    FALSE 1 1.001  6000
psim[8]    0.297  0.057   0.196   0.293   0.418    FALSE 1 1.008   366
N[1]      94.655 18.928  63.000  93.000 136.000    FALSE 1 1.002  6000
N[2]     267.190 30.051 213.000 265.000 331.000    FALSE 1 1.005  1345
N[3]     177.104 24.493 134.000 175.000 228.000    FALSE 1 1.006  3302
N[4]      91.676 17.780  61.000  90.000 131.000    FALSE 1 1.002  6000
N[5]     184.290 25.410 139.000 182.000 239.000    FALSE 1 1.003   683
N[6]     186.603 25.528 140.000 185.000 239.000    FALSE 1 1.008   275
N[7]     260.431 32.478 201.000 260.000 327.000    FALSE 1 1.001  6000
N[8]     180.709 32.543 124.000 178.000 251.000    FALSE 1 1.008   375
D[1]      18.844  3.768  12.542  18.515  27.076    FALSE 1 1.002  6000
D[2]      53.194  5.983  42.405  52.757  65.897    FALSE 1 1.005  1345
D[3]      35.259  4.876  26.677  34.840  45.391    FALSE 1 1.006  3302
D[4]      18.251  3.540  12.144  17.918  26.080    FALSE 1 1.002  6000
D[5]      36.689  5.059  27.673  36.233  47.581    FALSE 1 1.003   683
D[6]      37.150  5.082  27.872  36.831  47.581    FALSE 1 1.008   275
D[7]      51.848  6.466  40.016  51.762  65.101    FALSE 1 1.001  6000
D[8]      35.976  6.479  24.687  35.437  49.970    FALSE 1 1.008   375
zm[1,1]    1.000  0.000   1.000   1.000   1.000    FALSE 1    NA     1
zm[2,1]    1.000  0.000   1.000   1.000   1.000    FALSE 1    NA     1
zm[3,1]    1.000  0.000   1.000   1.000   1.000    FALSE 1    NA     1
zm[4,1]    1.000  0.000   1.000   1.000   1.000    FALSE 1    NA     1
zm[5,1]    1.000  0.000   1.000   1.000   1.000    FALSE 1    NA     1
zm[6,1]    1.000  0.000   1.000   1.000   1.000    FALSE 1    NA     1
zm[7,1]    1.000  0.000   1.000   1.000   1.000    FALSE 1    NA     1
zm[8,1]    1.000  0.000   1.000   1.000   1.000    FALSE 1    NA     1
zm[1,2]    1.000  0.000   1.000   1.000   1.000    FALSE 1    NA     1
zm[2,2]    1.000  0.000   1.000   1.000   1.000    FALSE 1    NA     1
zm[3,2]    1.000  0.000   1.000   1.000   1.000    FALSE 1    NA     1
zm[4,2]    1.000  0.000   1.000   1.000   1.000    FALSE 1    NA     1
zm[5,2]    1.000  0.000   1.000   1.000   1.000    FALSE 1    NA     1
zm[6,2]    1.000  0.000   1.000   1.000   1.000    FALSE 1    NA     1
zm[7,2]    1.000  0.000   1.000   1.000   1.000    FALSE 1    NA     1
zm[8,2]    1.000  0.000   1.000   1.000   1.000    FALSE 1    NA     1
zm[1,3]    1.000  0.000   1.000   1.000   1.000    FALSE 1    NA     1
zm[2,3]    1.000  0.000   1.000   1.000   1.000    FALSE 1    NA     1
zm[3,3]    1.000  0.000   1.000   1.000   1.000    FALSE 1    NA     1
zm[4,3]    1.000  0.000   1.000   1.000   1.000    FALSE 1    NA     1
zm[5,3]    1.000  0.000   1.000   1.000   1.000    FALSE 1    NA     1
zm[6,3]    1.000  0.000   1.000   1.000   1.000    FALSE 1    NA     1
zm[7,3]    1.000  0.000   1.000   1.000   1.000    FALSE 1    NA     1
zm[8,3]    1.000  0.000   1.000   1.000   1.000    FALSE 1    NA     1
zm[1,4]    1.000  0.000   1.000   1.000   1.000    FALSE 1    NA     1
zm[2,4]    1.000  0.000   1.000   1.000   1.000    FALSE 1    NA     1
zm[3,4]    1.000  0.000   1.000   1.000   1.000    FALSE 1    NA     1
zm[4,4]    1.000  0.000   1.000   1.000   1.000    FALSE 1    NA     1
zm[5,4]    1.000  0.000   1.000   1.000   1.000    FALSE 1    NA     1
zm[6,4]    1.000  0.000   1.000   1.000   1.000    FALSE 1    NA     1
zm[7,4]    1.000  0.000   1.000   1.000   1.000    FALSE 1    NA     1
zm[8,4]    1.000  0.000   1.000   1.000   1.000    FALSE 1    NA     1
zm[1,5]    1.000  0.000   1.000   1.000   1.000    FALSE 1    NA     1
zm[2,5]    1.000  0.000   1.000   1.000   1.000    FALSE 1    NA     1
zm[3,5]    1.000  0.000   1.000   1.000   1.000    FALSE 1    NA     1
zm[4,5]    1.000  0.000   1.000   1.000   1.000    FALSE 1    NA     1
zm[5,5]    1.000  0.000   1.000   1.000   1.000    FALSE 1    NA     1
zm[6,5]    1.000  0.000   1.000   1.000   1.000    FALSE 1    NA     1
zm[7,5]    1.000  0.000   1.000   1.000   1.000    FALSE 1    NA     1
zm[8,5]    1.000  0.000   1.000   1.000   1.000    FALSE 1    NA     1
zm[1,6]    1.000  0.000   1.000   1.000   1.000    FALSE 1    NA     1
zm[2,6]    1.000  0.000   1.000   1.000   1.000    FALSE 1    NA     1
zm[3,6]    1.000  0.000   1.000   1.000   1.000    FALSE 1    NA     1
zm[4,6]    1.000  0.000   1.000   1.000   1.000    FALSE 1    NA     1
zm[5,6]    1.000  0.000   1.000   1.000   1.000    FALSE 1    NA     1
zm[6,6]    1.000  0.000   1.000   1.000   1.000    FALSE 1    NA     1
zm[7,6]    1.000  0.000   1.000   1.000   1.000    FALSE 1    NA     1
zm[8,6]    1.000  0.000   1.000   1.000   1.000    FALSE 1    NA     1
zm[1,7]    1.000  0.000   1.000   1.000   1.000    FALSE 1    NA     1
zm[2,7]    1.000  0.000   1.000   1.000   1.000    FALSE 1    NA     1
zm[3,7]    1.000  0.000   1.000   1.000   1.000    FALSE 1    NA     1
zm[4,7]    1.000  0.000   1.000   1.000   1.000    FALSE 1    NA     1
zm[5,7]    1.000  0.000   1.000   1.000   1.000    FALSE 1    NA     1
zm[6,7]    1.000  0.000   1.000   1.000   1.000    FALSE 1    NA     1
zm[7,7]    1.000  0.000   1.000   1.000   1.000    FALSE 1    NA     1
zm[8,7]    1.000  0.000   1.000   1.000   1.000    FALSE 1    NA     1
zm[1,8]    1.000  0.000   1.000   1.000   1.000    FALSE 1    NA     1
zm[2,8]    1.000  0.000   1.000   1.000   1.000    FALSE 1    NA     1
zm[3,8]    1.000  0.000   1.000   1.000   1.000    FALSE 1    NA     1
zm[4,8]    1.000  0.000   1.000   1.000   1.000    FALSE 1    NA     1
zm[5,8]    1.000  0.000   1.000   1.000   1.000    FALSE 1    NA     1
zm[6,8]    1.000  0.000   1.000   1.000   1.000    FALSE 1    NA     1
zm[7,8]    1.000  0.000   1.000   1.000   1.000    FALSE 1    NA     1
zm[8,8]    1.000  0.000   1.000   1.000   1.000    FALSE 1    NA     1
zm[1,9]    1.000  0.000   1.000   1.000   1.000    FALSE 1    NA     1
zm[2,9]    1.000  0.000   1.000   1.000   1.000    FALSE 1    NA     1
zm[3,9]    1.000  0.000   1.000   1.000   1.000    FALSE 1    NA     1
zm[4,9]    1.000  0.000   1.000   1.000   1.000    FALSE 1    NA     1
zm[5,9]    1.000  0.000   1.000   1.000   1.000    FALSE 1    NA     1
zm[6,9]    1.000  0.000   1.000   1.000   1.000    FALSE 1    NA     1
zm[7,9]    1.000  0.000   1.000   1.000   1.000    FALSE 1    NA     1
zm[8,9]    1.000  0.000   1.000   1.000   1.000    FALSE 1    NA     1
zm[1,10]   1.000  0.000   1.000   1.000   1.000    FALSE 1    NA     1
zm[2,10]   1.000  0.000   1.000   1.000   1.000    FALSE 1    NA     1
zm[3,10]   1.000  0.000   1.000   1.000   1.000    FALSE 1    NA     1
zm[4,10]   1.000  0.000   1.000   1.000   1.000    FALSE 1    NA     1
zm[5,10]   1.000  0.000   1.000   1.000   1.000    FALSE 1    NA     1
zm[6,10]   1.000  0.000   1.000   1.000   1.000    FALSE 1    NA     1
zm[7,10]   1.000  0.000   1.000   1.000   1.000    FALSE 1    NA     1
zm[8,10]   1.000  0.000   1.000   1.000   1.000    FALSE 1    NA     1
zm[1,11]   1.000  0.000   1.000   1.000   1.000    FALSE 1    NA     1
zm[2,11]   1.000  0.000   1.000   1.000   1.000    FALSE 1    NA     1
zm[3,11]   1.000  0.000   1.000   1.000   1.000    FALSE 1    NA     1
zm[4,11]   1.000  0.000   1.000   1.000   1.000    FALSE 1    NA     1
zm[5,11]   1.000  0.000   1.000   1.000   1.000    FALSE 1    NA     1
 [ reached 'max' / getOption("max.print") -- omitted 14556 rows ]

Successful convergence based on Rhat values (all < 1.1). 
Rhat is the potential scale reduction factor (at convergence, Rhat=1). 
For each parameter, n.eff is a crude measure of effective sample size. 

overlap0 checks if 0 falls in the parameter's 95% credible interval.
f is the proportion of the posterior with the same sign as the mean;
i.e., our confidence that the parameter is positive or negative.

DIC info: (pD = var(deviance)/2) 
pD = 1980.5 and DIC = 6420.172 
DIC is an estimate of expected predictive error (lower is better).

$Dhat
    var1     var2     var3     var4     var5     var6     var7     var8 
19.10706 50.80033 34.02069 17.51442 35.25923 35.41242 49.19768 32.38316 

$Nhat
     var1      var2      var3      var4      var5      var6      var7      var8 
 95.97443 255.16921 170.88536  87.97463 177.10652 177.87600 247.11915 162.66009 

$SArea
[1] 5.022983

