$sp.cr
[1] "PEMA"

$mod
JAGS output for model 'SCR_multigrid_randomeffect.txt', generated by jagsUI.
Estimates based on 3 chains of 2500 iterations,
adaptation = 500 iterations (sufficient),
burn-in = 500 iterations and thin rate = 1,
yielding 6000 total samples from the joint posterior. 
MCMC ran in parallel for 260.131 minutes at time 2023-02-05 08:45:50.

                     mean     sd    2.5%     50%   97.5% overlap0 f  Rhat n.eff
allgrids.mu.lam     0.063  0.013   0.042   0.062   0.090    FALSE 1 1.001  3367
sd.log.lam0         0.450  0.208   0.165   0.414   0.968    FALSE 1 1.006   374
allgrids.mu.sigma  12.834  1.409  10.244  12.769  15.822    FALSE 1 1.002  6000
sd.log.sigma        0.253  0.119   0.100   0.229   0.558    FALSE 1 1.018   217
lam0[1]             0.056  0.012   0.035   0.055   0.084    FALSE 1 1.002  6000
lam0[2]             0.053  0.008   0.038   0.052   0.071    FALSE 1 1.009   359
lam0[3]             0.095  0.018   0.066   0.094   0.135    FALSE 1 1.002  6000
lam0[4]             0.040  0.011   0.022   0.039   0.064    FALSE 1 1.002  1007
lam0[5]             0.084  0.013   0.061   0.083   0.110    FALSE 1 1.003  1509
lam0[6]             0.075  0.013   0.052   0.074   0.105    FALSE 1 1.007   388
lam0[7]             0.074  0.015   0.049   0.073   0.109    FALSE 1 1.005   452
lam0[8]             0.049  0.015   0.023   0.047   0.082    FALSE 1 1.007   365
sigma[1]           14.666  1.488  12.206  14.519  17.996    FALSE 1 1.001  2564
sigma[2]           13.610  1.027  11.898  13.532  15.872    FALSE 1 1.010   315
sigma[3]           10.707  0.868   9.107  10.659  12.469    FALSE 1 1.001  6000
sigma[4]           18.149  2.745  13.918  17.783  24.703    FALSE 1 1.011   216
sigma[5]           13.007  0.931  11.332  12.951  15.031    FALSE 1 1.000  4641
sigma[6]           11.889  0.961  10.152  11.838  13.946    FALSE 1 1.006   382
sigma[7]           10.269  0.988   8.588  10.176  12.464    FALSE 1 1.011   212
sigma[8]           11.909  1.715   9.168  11.706  15.930    FALSE 1 1.003  1301
psim[1]             0.145  0.034   0.088   0.142   0.220    FALSE 1 1.001  3185
psim[2]             0.447  0.063   0.331   0.444   0.584    FALSE 1 1.013   294
psim[3]             0.300  0.048   0.215   0.298   0.401    FALSE 1 1.003   816
psim[4]             0.126  0.033   0.071   0.123   0.200    FALSE 1 1.018   132
psim[5]             0.274  0.044   0.195   0.271   0.365    FALSE 1 1.000  6000
psim[6]             0.314  0.052   0.222   0.310   0.425    FALSE 1 1.007   315
psim[7]             0.525  0.091   0.362   0.519   0.725    FALSE 1 1.010   299
psim[8]             0.436  0.139   0.241   0.406   0.790    FALSE 1 1.049    82
N[1]               87.757 18.812  56.975  86.000 130.000    FALSE 1 1.001  5062
N[2]              272.930 36.718 208.000 271.000 355.000    FALSE 1 1.014   276
N[3]              182.920 27.069 136.000 181.000 240.000    FALSE 1 1.003   753
N[4]               76.293 18.600  46.000  74.000 116.000    FALSE 1 1.017   144
N[5]              166.596 24.334 123.000 165.000 217.000    FALSE 1 1.000  6000
N[6]              191.208 29.424 140.000 189.000 255.000    FALSE 1 1.006   327
N[7]              320.359 54.283 225.000 317.000 441.000    FALSE 1 1.011   302
N[8]              265.781 84.335 150.000 247.500 482.000    FALSE 1 1.050    82
D[1]               17.471  3.745  11.343  17.121  25.881    FALSE 1 1.001  5062
D[2]               54.336  7.310  41.410  53.952  70.675    FALSE 1 1.014   276
D[3]               36.417  5.389  27.076  36.034  47.780    FALSE 1 1.003   753
D[4]               15.189  3.703   9.158  14.732  23.094    FALSE 1 1.017   144
D[5]               33.167  4.845  24.487  32.849  43.201    FALSE 1 1.000  6000
D[6]               38.067  5.858  27.872  37.627  50.767    FALSE 1 1.006   327
D[7]               63.779 10.807  44.794  63.110  87.796    FALSE 1 1.011   302
D[8]               52.913 16.790  29.863  49.274  95.959    FALSE 1 1.050    82
S[1,1,1]          129.794 11.940 106.451 129.930 153.163    FALSE 1 1.000  5773
S[2,1,1]          207.698 15.323 176.864 208.360 234.992    FALSE 1 1.001  2708
S[3,1,1]          213.396  6.411 200.272 213.547 225.366    FALSE 1 1.000  6000
S[4,1,1]          157.422 23.965 108.101 157.814 205.184    FALSE 1 1.001  4101
S[5,1,1]          154.398  9.689 134.294 154.609 172.924    FALSE 1 1.000  6000
S[6,1,1]          190.871  8.801 173.790 190.834 208.420    FALSE 1 1.002  1051
S[7,1,1]          212.408  7.378 197.635 212.598 226.578    FALSE 1 1.000  6000
S[8,1,1]          180.462 12.428 156.523 180.329 205.983    FALSE 1 1.000  6000
S[1,2,1]          202.835  7.882 187.443 202.743 218.334    FALSE 1 1.001  3252
S[2,2,1]          217.786 13.437 188.989 218.693 242.379    FALSE 1 1.001  4759
S[3,2,1]          115.123  7.740 100.859 114.866 130.890    FALSE 1 1.002   970
S[4,2,1]          128.524 21.754  86.812 127.798 171.180    FALSE 1 1.001  6000
S[5,2,1]          118.057  7.937 103.069 117.745 133.653    FALSE 1 1.000  6000
S[6,2,1]          170.532 12.235 146.465 170.584 194.644    FALSE 1 1.000  6000
S[7,2,1]          155.114  7.231 140.992 155.114 169.406    FALSE 1 1.000  6000
S[8,2,1]          211.887 12.266 187.650 211.914 235.618    FALSE 1 1.001  2136
S[1,3,1]          114.334 15.136  85.576 113.803 145.461    FALSE 1 1.000  5468
S[2,3,1]          134.576 15.893 103.783 135.140 164.939    FALSE 1 1.001  6000
S[3,3,1]          120.114  6.485 107.537 120.081 132.757    FALSE 1 1.001  4697
S[4,3,1]          112.193 13.285  87.111 112.081 139.151    FALSE 1 1.002  6000
S[5,3,1]          108.850 12.302  86.541 108.022 135.579    FALSE 1 1.000  3099
S[6,3,1]          192.580 13.105 168.018 192.181 219.445    FALSE 1 1.000  4899
S[7,3,1]          125.707  6.219 113.307 125.736 137.846    FALSE 1 1.000  6000
S[8,3,1]          180.106 12.059 156.327 180.159 204.072    FALSE 1 1.000  6000
S[1,4,1]          138.802  8.969 120.888 138.982 155.963    FALSE 1 1.001  2641
S[2,4,1]          111.071 13.024  87.506 110.412 139.155    FALSE 1 1.000  6000
S[3,4,1]          112.128 10.526  92.748 111.500 134.755    FALSE 1 1.001  4385
S[4,4,1]          153.768 14.188 124.767 153.994 181.022    FALSE 1 1.000  6000
S[5,4,1]          125.555 10.465 104.850 125.604 145.875    FALSE 1 1.001  2010
S[6,4,1]          159.580 12.106 135.617 159.587 183.088    FALSE 1 1.001  6000
S[7,4,1]          201.585 10.740 180.170 201.500 222.848    FALSE 1 1.001  6000
S[8,4,1]          180.197 12.168 156.330 180.141 205.393    FALSE 1 1.000  6000
S[1,5,1]          165.077 10.598 144.314 165.077 185.952    FALSE 1 1.001  1739
S[2,5,1]          113.020 13.529  87.410 112.514 140.902    FALSE 1 1.001  1950
S[3,5,1]          149.309 11.472 125.629 149.676 171.086    FALSE 1 1.002  2141
S[4,5,1]          199.178 21.829 156.527 199.271 240.892    FALSE 1 1.002  6000
S[5,5,1]          111.587 13.331  87.332 110.691 139.472    FALSE 1 1.000  6000
S[6,5,1]          185.646  8.640 169.077 185.469 203.417    FALSE 1 1.000  6000
S[7,5,1]          190.700 10.633 170.276 190.698 212.048    FALSE 1 1.001  6000
S[8,5,1]          180.242 12.220 156.827 180.069 204.812    FALSE 1 1.000  6000
S[1,6,1]          114.359 14.860  86.008 113.800 145.393    FALSE 1 1.001  4264
S[2,6,1]          216.638 13.714 188.065 217.528 241.388    FALSE 1 1.000  6000
S[3,6,1]          212.488  5.557 201.439 212.514 223.257    FALSE 1 1.001  6000
S[4,6,1]          207.869 13.937 180.123 208.232 234.332    FALSE 1 1.000  4104
S[5,6,1]          132.931  7.209 118.414 133.116 146.359    FALSE 1 1.000  6000
S[6,6,1]          214.873 12.310 189.516 215.463 237.286    FALSE 1 1.000  6000
S[7,6,1]          121.833  6.260 109.752 121.867 134.328    FALSE 1 1.000  6000
S[8,6,1]          149.404 12.256 124.548 149.443 173.450    FALSE 1 1.000  6000
S[1,7,1]          114.276 14.999  86.629 113.554 144.808    FALSE 1 1.001  2128
S[2,7,1]          194.615 15.412 165.524 194.114 225.040    FALSE 1 1.001  1649
S[3,7,1]          154.876  5.273 144.503 154.930 165.160    FALSE 1 1.000  5816
S[4,7,1]          203.008 21.925 159.597 203.542 242.356    FALSE 1 1.002  1333
S[5,7,1]          170.126  6.396 157.449 170.048 182.769    FALSE 1 1.000  6000
S[6,7,1]          216.716 12.068 191.145 217.495 238.375    FALSE 1 1.000  3967
S[7,7,1]          125.592  6.286 113.157 125.616 137.695    FALSE 1 1.000  6000
S[8,7,1]          191.083 12.565 166.826 190.914 216.431    FALSE 1 1.001  6000
S[1,8,1]          205.735  7.971 189.877 205.807 221.185    FALSE 1 1.001  2384
S[2,8,1]          195.101 15.617 164.965 194.833 224.915    FALSE 1 1.000  6000
S[3,8,1]          209.263  8.233 192.486 209.348 224.627    FALSE 1 1.000  6000
S[4,8,1]          148.231 14.098 120.083 148.505 175.584    FALSE 1 1.001  6000
S[5,8,1]          149.715  6.685 136.578 149.697 162.631    FALSE 1 1.000  6000
S[6,8,1]          215.144  8.547 197.619 215.444 231.414    FALSE 1 1.002   910
S[7,8,1]          200.815  6.275 188.685 200.766 213.205    FALSE 1 1.000  6000
S[8,8,1]          169.799 12.333 145.473 169.748 194.282    FALSE 1 1.001  4249
S[1,9,1]          118.373 15.791  90.733 117.125 151.134    FALSE 1 1.001  5821
S[2,9,1]          159.314 15.022 128.960 159.449 188.718    FALSE 1 1.000  6000
S[3,9,1]          206.721 12.215 182.442 207.249 228.765    FALSE 1 1.002  1210
 [ reached 'max' / getOption("max.print") -- omitted 9694 rows ]

Successful convergence based on Rhat values (all < 1.1). 
Rhat is the potential scale reduction factor (at convergence, Rhat=1). 
For each parameter, n.eff is a crude measure of effective sample size. 

overlap0 checks if 0 falls in the parameter's 95% credible interval.
f is the proportion of the posterior with the same sign as the mean;
i.e., our confidence that the parameter is positive or negative.

DIC info: (pD = var(deviance)/2) 
pD = 2214.4 and DIC = 6619.705 
DIC is an estimate of expected predictive error (lower is better).

$Dhat
    var1     var2     var3     var4     var5     var6     var7     var8 
17.52186 52.74916 34.25666 13.12430 30.88696 38.23944 62.84010 49.37722 

$Nhat
     var1      var2      var3      var4      var5      var6      var7      var8 
 88.01200 264.95816 172.07066  65.92315 155.14467 192.07606 315.64478 248.02098 

$SArea
[1] 5.022983

