$sp.cr
[1] "TATO"

$mod
JAGS output for model 'SCR_multigrid.txt', generated by jagsUI.
Estimates based on 3 chains of 2500 iterations,
adaptation = 500 iterations (sufficient),
burn-in = 500 iterations and thin rate = 1,
yielding 6000 total samples from the joint posterior. 
MCMC ran in parallel for 315.906 minutes at time 2023-02-05 06:22:48.

            mean     sd    2.5%     50%   97.5% overlap0 f  Rhat n.eff
lam0       0.162  0.006   0.151   0.162   0.175    FALSE 1 1.000  5346
sigma     33.833  0.556  32.757  33.826  34.911    FALSE 1 1.003   793
psim[1]    0.104  0.019   0.070   0.103   0.144    FALSE 1 1.000  6000
psim[2]    0.195  0.025   0.151   0.194   0.246    FALSE 1 1.000  5192
psim[3]    0.206  0.025   0.160   0.205   0.258    FALSE 1 1.000  3718
psim[4]    0.138  0.024   0.095   0.137   0.188    FALSE 1 1.002  1932
psim[5]    0.290  0.030   0.234   0.290   0.353    FALSE 1 1.012   198
psim[6]    0.073  0.016   0.045   0.072   0.108    FALSE 1 1.002  1424
psim[7]    0.300  0.032   0.240   0.299   0.366    FALSE 1 1.003   636
psim[8]    0.387  0.036   0.319   0.386   0.461    FALSE 1 1.002  1160
psim[9]    0.427  0.042   0.348   0.426   0.512    FALSE 1 1.001  2710
N[1]     109.908 17.538  79.000 109.000 147.000    FALSE 1 1.000  6000
N[2]     205.977 23.324 164.000 205.000 255.000    FALSE 1 1.000  6000
N[3]     217.907 23.689 175.000 217.000 267.000    FALSE 1 1.000  3502
N[4]     145.836 22.791 105.000 144.000 194.000    FALSE 1 1.001  2847
N[5]     307.598 28.151 255.000 307.000 366.000    FALSE 1 1.012   209
N[6]      76.795 14.991  51.000  76.000 109.000    FALSE 1 1.002  1478
N[7]     318.000 30.290 263.000 317.000 380.000    FALSE 1 1.003   679
N[8]     409.601 34.519 346.000 409.000 480.000    FALSE 1 1.003  1050
N[9]     452.211 41.441 374.000 451.000 538.000    FALSE 1 1.001  2936
D[1]       2.105  0.336   1.513   2.087   2.815    FALSE 1 1.000  6000
D[2]       3.944  0.447   3.140   3.925   4.883    FALSE 1 1.000  6000
D[3]       4.173  0.454   3.351   4.155   5.113    FALSE 1 1.000  3502
D[4]       2.793  0.436   2.011   2.757   3.715    FALSE 1 1.001  2847
D[5]       5.890  0.539   4.883   5.879   7.008    FALSE 1 1.012   209
D[6]       1.471  0.287   0.977   1.455   2.087    FALSE 1 1.002  1478
D[7]       6.089  0.580   5.036   6.070   7.276    FALSE 1 1.003   679
D[8]       7.843  0.661   6.625   7.832   9.191    FALSE 1 1.003  1050
D[9]       8.659  0.794   7.161   8.636  10.302    FALSE 1 1.001  2936
zm[1,1]    1.000  0.000   1.000   1.000   1.000    FALSE 1    NA     1
zm[2,1]    1.000  0.000   1.000   1.000   1.000    FALSE 1    NA     1
zm[3,1]    1.000  0.000   1.000   1.000   1.000    FALSE 1    NA     1
zm[4,1]    1.000  0.000   1.000   1.000   1.000    FALSE 1    NA     1
zm[5,1]    1.000  0.000   1.000   1.000   1.000    FALSE 1    NA     1
zm[6,1]    1.000  0.000   1.000   1.000   1.000    FALSE 1    NA     1
zm[7,1]    1.000  0.000   1.000   1.000   1.000    FALSE 1    NA     1
zm[8,1]    1.000  0.000   1.000   1.000   1.000    FALSE 1    NA     1
zm[9,1]    1.000  0.000   1.000   1.000   1.000    FALSE 1    NA     1
zm[1,2]    1.000  0.000   1.000   1.000   1.000    FALSE 1    NA     1
zm[2,2]    1.000  0.000   1.000   1.000   1.000    FALSE 1    NA     1
zm[3,2]    1.000  0.000   1.000   1.000   1.000    FALSE 1    NA     1
zm[4,2]    1.000  0.000   1.000   1.000   1.000    FALSE 1    NA     1
zm[5,2]    1.000  0.000   1.000   1.000   1.000    FALSE 1    NA     1
zm[6,2]    1.000  0.000   1.000   1.000   1.000    FALSE 1    NA     1
zm[7,2]    1.000  0.000   1.000   1.000   1.000    FALSE 1    NA     1
zm[8,2]    1.000  0.000   1.000   1.000   1.000    FALSE 1    NA     1
zm[9,2]    1.000  0.000   1.000   1.000   1.000    FALSE 1    NA     1
zm[1,3]    1.000  0.000   1.000   1.000   1.000    FALSE 1    NA     1
zm[2,3]    1.000  0.000   1.000   1.000   1.000    FALSE 1    NA     1
zm[3,3]    1.000  0.000   1.000   1.000   1.000    FALSE 1    NA     1
zm[4,3]    1.000  0.000   1.000   1.000   1.000    FALSE 1    NA     1
zm[5,3]    1.000  0.000   1.000   1.000   1.000    FALSE 1    NA     1
zm[6,3]    1.000  0.000   1.000   1.000   1.000    FALSE 1    NA     1
zm[7,3]    1.000  0.000   1.000   1.000   1.000    FALSE 1    NA     1
zm[8,3]    1.000  0.000   1.000   1.000   1.000    FALSE 1    NA     1
zm[9,3]    1.000  0.000   1.000   1.000   1.000    FALSE 1    NA     1
zm[1,4]    1.000  0.000   1.000   1.000   1.000    FALSE 1    NA     1
zm[2,4]    1.000  0.000   1.000   1.000   1.000    FALSE 1    NA     1
zm[3,4]    1.000  0.000   1.000   1.000   1.000    FALSE 1    NA     1
zm[4,4]    1.000  0.000   1.000   1.000   1.000    FALSE 1    NA     1
zm[5,4]    1.000  0.000   1.000   1.000   1.000    FALSE 1    NA     1
zm[6,4]    1.000  0.000   1.000   1.000   1.000    FALSE 1    NA     1
zm[7,4]    1.000  0.000   1.000   1.000   1.000    FALSE 1    NA     1
zm[8,4]    1.000  0.000   1.000   1.000   1.000    FALSE 1    NA     1
zm[9,4]    1.000  0.000   1.000   1.000   1.000    FALSE 1    NA     1
zm[1,5]    1.000  0.000   1.000   1.000   1.000    FALSE 1    NA     1
zm[2,5]    1.000  0.000   1.000   1.000   1.000    FALSE 1    NA     1
zm[3,5]    1.000  0.000   1.000   1.000   1.000    FALSE 1    NA     1
zm[4,5]    1.000  0.000   1.000   1.000   1.000    FALSE 1    NA     1
zm[5,5]    1.000  0.000   1.000   1.000   1.000    FALSE 1    NA     1
zm[6,5]    1.000  0.000   1.000   1.000   1.000    FALSE 1    NA     1
zm[7,5]    1.000  0.000   1.000   1.000   1.000    FALSE 1    NA     1
zm[8,5]    1.000  0.000   1.000   1.000   1.000    FALSE 1    NA     1
zm[9,5]    1.000  0.000   1.000   1.000   1.000    FALSE 1    NA     1
zm[1,6]    1.000  0.000   1.000   1.000   1.000    FALSE 1    NA     1
zm[2,6]    1.000  0.000   1.000   1.000   1.000    FALSE 1    NA     1
zm[3,6]    1.000  0.000   1.000   1.000   1.000    FALSE 1    NA     1
zm[4,6]    1.000  0.000   1.000   1.000   1.000    FALSE 1    NA     1
zm[5,6]    1.000  0.000   1.000   1.000   1.000    FALSE 1    NA     1
zm[6,6]    1.000  0.000   1.000   1.000   1.000    FALSE 1    NA     1
zm[7,6]    1.000  0.000   1.000   1.000   1.000    FALSE 1    NA     1
zm[8,6]    1.000  0.000   1.000   1.000   1.000    FALSE 1    NA     1
zm[9,6]    1.000  0.000   1.000   1.000   1.000    FALSE 1    NA     1
zm[1,7]    1.000  0.000   1.000   1.000   1.000    FALSE 1    NA     1
zm[2,7]    1.000  0.000   1.000   1.000   1.000    FALSE 1    NA     1
zm[3,7]    1.000  0.000   1.000   1.000   1.000    FALSE 1    NA     1
zm[4,7]    1.000  0.000   1.000   1.000   1.000    FALSE 1    NA     1
zm[5,7]    1.000  0.000   1.000   1.000   1.000    FALSE 1    NA     1
zm[6,7]    1.000  0.000   1.000   1.000   1.000    FALSE 1    NA     1
zm[7,7]    1.000  0.000   1.000   1.000   1.000    FALSE 1    NA     1
zm[8,7]    1.000  0.000   1.000   1.000   1.000    FALSE 1    NA     1
zm[9,7]    1.000  0.000   1.000   1.000   1.000    FALSE 1    NA     1
zm[1,8]    1.000  0.000   1.000   1.000   1.000    FALSE 1    NA     1
zm[2,8]    1.000  0.000   1.000   1.000   1.000    FALSE 1    NA     1
zm[3,8]    1.000  0.000   1.000   1.000   1.000    FALSE 1    NA     1
zm[4,8]    1.000  0.000   1.000   1.000   1.000    FALSE 1    NA     1
zm[5,8]    1.000  0.000   1.000   1.000   1.000    FALSE 1    NA     1
zm[6,8]    1.000  0.000   1.000   1.000   1.000    FALSE 1    NA     1
zm[7,8]    1.000  0.000   1.000   1.000   1.000    FALSE 1    NA     1
zm[8,8]    1.000  0.000   1.000   1.000   1.000    FALSE 1    NA     1
zm[9,8]    1.000  0.000   1.000   1.000   1.000    FALSE 1    NA     1
zm[1,9]    1.000  0.000   1.000   1.000   1.000    FALSE 1    NA     1
zm[2,9]    1.000  0.000   1.000   1.000   1.000    FALSE 1    NA     1
zm[3,9]    1.000  0.000   1.000   1.000   1.000    FALSE 1    NA     1
zm[4,9]    1.000  0.000   1.000   1.000   1.000    FALSE 1    NA     1
zm[5,9]    1.000  0.000   1.000   1.000   1.000    FALSE 1    NA     1
zm[6,9]    1.000  0.000   1.000   1.000   1.000    FALSE 1    NA     1
zm[7,9]    1.000  0.000   1.000   1.000   1.000    FALSE 1    NA     1
zm[8,9]    1.000  0.000   1.000   1.000   1.000    FALSE 1    NA     1
zm[9,9]    1.000  0.000   1.000   1.000   1.000    FALSE 1    NA     1
zm[1,10]   1.000  0.000   1.000   1.000   1.000    FALSE 1    NA     1
 [ reached 'max' / getOption("max.print") -- omitted 28539 rows ]

Successful convergence based on Rhat values (all < 1.1). 
Rhat is the potential scale reduction factor (at convergence, Rhat=1). 
For each parameter, n.eff is a crude measure of effective sample size. 

overlap0 checks if 0 falls in the parameter's 95% credible interval.
f is the proportion of the posterior with the same sign as the mean;
i.e., our confidence that the parameter is positive or negative.

DIC info: (pD = var(deviance)/2) 
pD = 2164 and DIC = 10192.54 
DIC is an estimate of expected predictive error (lower is better).

$Dhat
    var1     var2     var3     var4     var5     var6     var7     var8     var9 
2.086069 3.867851 3.942582 2.719877 5.780529 1.512662 6.159989 7.796453 8.714347 

$Nhat
     var1      var2      var3      var4      var5      var6      var7      var8      var9 
108.94240 201.99381 205.89658 142.04229 301.88114  78.99692 321.69796 407.16032 455.09621 

$SArea
[1] 52.22379

