$sp.cr
[1] "TATO"

$mod
JAGS output for model 'SCR_multigrid_randomeffect.txt', generated by jagsUI.
Estimates based on 3 chains of 2500 iterations,
adaptation = 500 iterations (sufficient),
burn-in = 500 iterations and thin rate = 1,
yielding 6000 total samples from the joint posterior. 
MCMC ran in parallel for 296.145 minutes at time 2023-02-05 14:54:28.

                     mean     sd    2.5%     50%   97.5% overlap0     f  Rhat n.eff
allgrids.mu.lam     0.168  0.022   0.127   0.166   0.213    FALSE 1.000 1.001  2017
sd.log.lam0         0.334  0.142   0.154   0.305   0.692    FALSE 1.000 1.007  4203
allgrids.mu.sigma  33.522  1.438  30.755  33.500  36.493    FALSE 1.000 1.000  6000
sd.log.sigma        0.109  0.045   0.047   0.101   0.220    FALSE 1.000 1.006   666
lam0[1]             0.226  0.033   0.170   0.224   0.299    FALSE 1.000 1.001  6000
lam0[2]             0.198  0.019   0.162   0.197   0.237    FALSE 1.000 1.001  2140
lam0[3]             0.195  0.019   0.161   0.195   0.235    FALSE 1.000 1.000  6000
lam0[4]             0.197  0.031   0.143   0.195   0.263    FALSE 1.000 1.002  1388
lam0[5]             0.174  0.015   0.147   0.173   0.204    FALSE 1.000 1.003   777
lam0[6]             0.111  0.024   0.066   0.110   0.161    FALSE 1.000 1.002  5111
lam0[7]             0.139  0.011   0.118   0.138   0.161    FALSE 1.000 1.000  6000
lam0[8]             0.122  0.011   0.100   0.122   0.145    FALSE 1.000 1.003   636
lam0[9]             0.190  0.020   0.153   0.189   0.233    FALSE 1.000 1.002   983
sigma[1]           28.889  1.915  25.329  28.863  32.675    FALSE 1.000 1.007   327
sigma[2]           34.828  1.443  32.215  34.777  37.882    FALSE 1.000 1.005   378
sigma[3]           33.638  1.391  31.080  33.584  36.503    FALSE 1.000 1.000  6000
sigma[4]           36.609  2.494  32.190  36.469  42.108    FALSE 1.000 1.005   443
sigma[5]           32.178  1.190  29.979  32.145  34.555    FALSE 1.000 1.004   582
sigma[6]           34.098  2.685  29.365  33.909  39.965    FALSE 1.000 1.003   775
sigma[7]           37.599  1.396  35.069  37.536  40.486    FALSE 1.000 1.001  6000
sigma[8]           32.670  1.253  30.338  32.629  35.262    FALSE 1.000 1.004   701
sigma[9]           32.275  1.494  29.583  32.216  35.339    FALSE 1.000 1.005   511
psim[1]             0.111  0.020   0.074   0.110   0.153    FALSE 1.000 1.007   355
psim[2]             0.185  0.025   0.139   0.185   0.237    FALSE 1.000 1.003   667
psim[3]             0.203  0.027   0.153   0.202   0.260    FALSE 1.000 1.007   325
psim[4]             0.122  0.022   0.084   0.120   0.171    FALSE 1.000 1.006   627
psim[5]             0.302  0.032   0.242   0.301   0.366    FALSE 1.000 1.004   522
psim[6]             0.084  0.019   0.051   0.082   0.126    FALSE 1.000 1.006   354
psim[7]             0.287  0.031   0.230   0.286   0.351    FALSE 1.000 1.002  6000
psim[8]             0.427  0.041   0.353   0.425   0.509    FALSE 1.000 1.001  2624
psim[9]             0.424  0.043   0.344   0.422   0.516    FALSE 1.000 1.002  1481
N[1]              116.518 18.659  83.000 116.000 157.000    FALSE 1.000 1.009   285
N[2]              195.576 23.250 153.000 195.000 243.000    FALSE 1.000 1.003   623
N[3]              213.889 25.290 168.000 213.000 267.000    FALSE 1.000 1.006   321
N[4]              128.510 20.667  93.000 127.000 176.000    FALSE 1.000 1.005   701
N[5]              319.382 30.839 262.000 318.000 382.000    FALSE 1.000 1.003   617
N[6]               88.215 18.549  56.000  87.000 129.000    FALSE 1.000 1.006   340
N[7]              303.404 29.141 251.000 302.000 365.000    FALSE 1.000 1.002  6000
N[8]              452.390 39.944 379.000 450.000 535.000    FALSE 1.000 1.001  2813
N[9]              449.361 43.215 372.000 447.000 541.000    FALSE 1.000 1.002  1353
D[1]                2.231  0.357   1.589   2.221   3.006    FALSE 1.000 1.009   285
D[2]                3.745  0.445   2.930   3.734   4.653    FALSE 1.000 1.003   623
D[3]                4.096  0.484   3.217   4.079   5.113    FALSE 1.000 1.006   321
D[4]                2.461  0.396   1.781   2.432   3.370    FALSE 1.000 1.005   701
D[5]                6.116  0.591   5.017   6.089   7.315    FALSE 1.000 1.003   617
D[6]                1.689  0.355   1.072   1.666   2.470    FALSE 1.000 1.006   340
D[7]                5.810  0.558   4.806   5.783   6.989    FALSE 1.000 1.002  6000
D[8]                8.663  0.765   7.257   8.617  10.244    FALSE 1.000 1.001  2813
D[9]                8.605  0.827   7.123   8.559  10.359    FALSE 1.000 1.002  1353
S[1,1,1]          278.975 41.219 195.573 285.857 342.920    FALSE 1.000 1.000  6000
S[2,1,1]          136.076 15.667 106.192 136.141 166.933    FALSE 1.000 1.001  2944
S[3,1,1]          200.179 10.765 179.082 200.271 220.671    FALSE 1.000 1.001  6000
S[4,1,1]            7.441 18.270 -27.972   7.510  42.949     TRUE 0.654 1.002  1012
S[5,1,1]          171.149 12.271 146.997 171.247 194.436    FALSE 1.000 1.002  1175
S[6,1,1]          274.156 27.330 221.648 274.772 325.763    FALSE 1.000 1.001  2757
S[7,1,1]          269.712 13.731 242.393 269.617 296.211    FALSE 1.000 1.001  2364
S[8,1,1]          274.256 25.946 222.441 274.686 322.711    FALSE 1.000 1.000  6000
S[9,1,1]          186.721 18.784 150.256 186.580 224.026    FALSE 1.000 1.000  6000
S[1,2,1]           79.654 29.266  20.598  80.027 136.093    FALSE 0.995 1.002  4365
S[2,2,1]          303.620 17.540 266.514 304.412 336.284    FALSE 1.000 1.000  6000
S[3,2,1]          -36.756 20.803 -73.535 -38.088   9.290     TRUE 0.955 1.000  6000
S[4,2,1]           99.403 26.119  47.535  99.532 150.457    FALSE 1.000 1.000  6000
S[5,2,1]          100.190 13.018  74.080 100.399 125.665    FALSE 1.000 1.002  1324
S[6,2,1]           65.490 20.055  25.589  65.624 103.369    FALSE 0.999 1.001  2221
S[7,2,1]          221.883 16.428 190.422 221.563 255.112    FALSE 1.000 1.000  6000
S[8,2,1]          261.002 15.780 229.752 260.970 291.868    FALSE 1.000 1.001  6000
S[9,2,1]          290.151 24.360 240.274 290.563 335.938    FALSE 1.000 1.000  6000
S[1,3,1]           97.121 10.772  75.567  97.064 118.583    FALSE 1.000 1.001  6000
S[2,3,1]          124.797 12.102 101.067 124.760 148.103    FALSE 1.000 1.000  6000
S[3,3,1]            3.922 19.674 -33.405   3.584  43.438     TRUE 0.570 1.001  4884
S[4,3,1]            4.792 22.922 -40.129   4.538  50.264     TRUE 0.580 1.000  6000
S[5,3,1]          232.550 17.372 199.212 232.138 267.835    FALSE 1.000 1.000  5564
S[6,3,1]            6.251 21.574 -34.562   6.090  48.418     TRUE 0.606 1.002  1311
S[7,3,1]          221.909 16.089 190.702 221.654 253.845    FALSE 1.000 1.001  5234
S[8,3,1]           11.060 15.766 -19.625  11.162  41.776     TRUE 0.751 1.001  5697
S[9,3,1]            6.898 26.540 -43.267   6.619  58.170     TRUE 0.597 1.001  2445
S[1,4,1]          131.553 10.911 110.202 131.473 153.350    FALSE 1.000 1.000  6000
S[2,4,1]          113.316 14.315  84.992 113.254 141.672    FALSE 1.000 1.002  6000
S[3,4,1]           79.541 23.741  31.851  79.659 125.009    FALSE 0.999 1.000  6000
S[4,4,1]          244.031 18.158 208.794 243.827 280.349    FALSE 1.000 1.000  6000
S[5,4,1]          180.019 15.875 148.556 180.105 210.976    FALSE 1.000 1.001  6000
S[6,4,1]          -30.904 33.402 -92.914 -32.391  41.606     TRUE 0.834 1.001  6000
S[7,4,1]          299.288 28.223 240.404 300.708 350.171    FALSE 1.000 1.001  2672
S[8,4,1]            4.937 20.944 -35.339   5.023  45.706     TRUE 0.591 1.000  4140
S[9,4,1]            7.182 25.450 -40.682   6.853  57.208     TRUE 0.603 1.001  2436
S[1,5,1]          250.136 14.191 223.166 249.617 278.231    FALSE 1.000 1.002  1024
S[2,5,1]          210.794 17.749 176.630 210.489 247.093    FALSE 1.000 1.000  6000
S[3,5,1]          269.359 15.917 238.030 269.496 300.124    FALSE 1.000 1.001  6000
S[4,5,1]          292.472 21.940 248.539 293.034 334.734    FALSE 1.000 1.002  1259
S[5,5,1]           -2.477 11.926 -25.432  -2.646  20.905     TRUE 0.587 1.001  3434
S[6,5,1]          -17.519 25.275 -64.119 -18.606  35.129     TRUE 0.774 1.008   602
S[7,5,1]          334.403 28.608 272.143 335.079 387.972    FALSE 1.000 1.001  1857
S[8,5,1]          190.461 16.178 159.267 190.411 222.131    FALSE 1.000 1.000  3077
S[9,5,1]           69.560 16.434  37.867  69.672 101.383    FALSE 1.000 1.000  6000
S[1,6,1]          230.282 10.237 210.215 230.301 250.256    FALSE 1.000 1.000  6000
S[2,6,1]          294.575 13.784 267.051 294.954 320.794    FALSE 1.000 1.000  6000
S[3,6,1]          -26.463 35.521 -87.505 -30.556  50.468     TRUE 0.778 1.000  6000
S[4,6,1]          201.262 22.002 159.207 200.565 247.171    FALSE 1.000 1.000  6000
S[5,6,1]          173.707 18.500 137.440 173.911 209.372    FALSE 1.000 1.000  5117
S[6,6,1]          255.795 40.967 176.766 255.341 333.430    FALSE 1.000 1.000  6000
S[7,6,1]          294.377 15.597 262.443 294.692 323.866    FALSE 1.000 1.000  6000
S[8,6,1]           31.440 36.547 -40.966  32.330  98.408     TRUE 0.804 1.001  1241
S[9,6,1]          -13.112 24.022 -56.974 -14.394  36.074     TRUE 0.719 1.001  2254
S[1,7,1]          126.765 12.079 103.158 126.858 150.023    FALSE 1.000 1.001  6000
S[2,7,1]          118.131 37.326  41.837 119.289 187.989    FALSE 0.995 1.001  2789
S[3,7,1]           51.940 14.292  23.472  52.148  79.519    FALSE 1.000 1.001  1244
S[4,7,1]           99.726 18.426  63.489  99.687 135.713    FALSE 1.000 1.000  6000
S[5,7,1]           69.720 16.704  36.261  69.963 101.690    FALSE 1.000 1.000  3925
S[6,7,1]          119.792 34.379  53.688 119.155 187.746    FALSE 1.000 1.002  1343
S[7,7,1]           14.145 15.806 -16.601  13.937  44.909     TRUE 0.817 1.000  6000
S[8,7,1]          119.475 33.038  55.603 119.154 183.963    FALSE 1.000 1.001  6000
 [ reached 'max' / getOption("max.print") -- omitted 19019 rows ]

Successful convergence based on Rhat values (all < 1.1). 
Rhat is the potential scale reduction factor (at convergence, Rhat=1). 
For each parameter, n.eff is a crude measure of effective sample size. 

overlap0 checks if 0 falls in the parameter's 95% credible interval.
f is the proportion of the posterior with the same sign as the mean;
i.e., our confidence that the parameter is positive or negative.

DIC info: (pD = var(deviance)/2) 
pD = 2246.4 and DIC = 10194.83 
DIC is an estimate of expected predictive error (lower is better).

$Dhat
    var1     var2     var3     var4     var5     var6     var7     var8     var9 
2.239444 3.749515 3.884604 2.238906 6.086291 1.684978 5.535680 8.592291 8.296593 

$Nhat
     var1      var2      var3      var4      var5      var6      var7      var8      var9 
116.95227 195.81387 202.86874 116.92413 317.84919  87.99595 289.09418 448.72199 433.27954 

$SArea
[1] 52.22379

